1	0.000000	0.000000	0.000000	0.000000	0.000569
2	1.000000	1.000260	0.500000	0.500130	0.000548
3	2.665910	2.997460	0.888637	0.999153	0.000567
4	4.915210	5.988180	1.228802	1.497045	0.000595
5	7.712920	9.991180	1.542584	1.998236	0.000622
6	11.043270	14.989700	1.840545	2.498283	0.000667
7	14.887690	20.950460	2.126813	2.992923	0.000694
8	19.268950	27.983080	2.408619	3.497885	0.000738
9	24.160490	35.962500	2.684499	3.995833	0.000784
10	29.536280	44.918920	2.953628	4.491892	0.000837
11	35.473110	54.984140	3.224828	4.998558	0.000886
12	41.918640	66.054420	3.493220	5.504535	0.000987
13	48.785410	77.915960	3.752724	5.993535	0.001014
14	56.240340	90.985640	4.017167	6.498974	0.001075
15	64.183430	105.004100	4.278895	7.000273	0.001153
16	55.124290	87.010100	3.445268	5.438131	0.001163
17	59.465190	94.150920	3.497952	5.538289	0.001220
18	63.798600	101.301640	3.544367	5.627869	0.001286
19	68.283990	108.745800	3.593894	5.723463	0.001330
20	72.731200	116.109400	3.636560	5.805470	0.001397
21	77.318540	123.764040	3.681835	5.893526	0.001447
22	81.823950	131.242220	3.719270	5.965555	0.001522
23	86.498830	139.039880	3.760819	6.045212	0.001563
24	91.077520	146.681900	3.794897	6.111746	0.001621
25	95.901100	154.793260	3.836044	6.191730	0.001690
26	100.556200	162.576600	3.867546	6.252946	0.001759
27	105.353630	170.624200	3.901986	6.319415	0.001808
28	110.063730	178.533960	3.930848	6.376213	0.001867
29	115.036030	186.966960	3.966760	6.447137	0.001934
30	119.826360	195.004480	3.994212	6.500149	0.002004
31	124.782050	203.384280	4.025227	6.560783	0.002052
32	129.652200	211.615400	4.051631	6.612981	0.002117
33	134.830040	220.435800	4.085759	6.679873	0.002202
34	139.688970	228.639960	4.108499	6.724705	0.002249
35	144.630470	236.999580	4.132299	6.771417	0.002328
36	149.739210	245.664460	4.159422	6.824013	0.002386
37	154.955550	254.578300	4.187988	6.880495	0.002441
38	160.106790	263.361780	4.213337	6.930573	0.002517
39	165.200740	272.019560	4.235916	6.974861	0.002589
40	170.367920	280.826480	4.259198	7.020662	0.002645
41	175.590820	289.725360	4.282703	7.066472	0.002711
42	180.868900	298.777280	4.306402	7.113745	0.002791
43	186.028410	307.569520	4.326242	7.152780	0.002866
44	191.161560	316.298620	4.344581	7.188605	0.002946
45	196.540610	325.501680	4.367569	7.233371	0.003015
46	201.807840	334.519360	4.387127	7.272160	0.003094
47	207.204460	343.794700	4.408606	7.314781	0.003170
48	212.468200	352.790360	4.426421	7.349799	0.003240
49	217.929430	362.193920	4.447539	7.391713	0.003318
50	223.355410	371.480080	4.467108	7.429602	0.003385
51	228.668340	380.597540	4.483693	7.462697	0.003447
52	234.150660	390.069900	4.502897	7.501344	0.003478
53	239.544530	399.303480	4.519708	7.534028	0.003564
54	244.985680	408.658880	4.536772	7.567757	0.003618
55	250.569680	418.315220	4.555812	7.605731	0.003707
56	255.937340	427.519580	4.570310	7.634278	0.003763
57	261.565780	437.226460	4.588873	7.670640	0.003848
58	267.161170	446.877640	4.606227	7.704787	0.003914
59	272.377640	455.781440	4.616570	7.725109	0.003984
60	278.296380	466.112160	4.638273	7.768536	0.004038
61	283.780330	475.539740	4.652137	7.795733	0.004130
62	289.298230	485.037120	4.666100	7.823179	0.004182
63	294.836250	494.554520	4.679940	7.850072	0.004282
64	300.470230	504.305620	4.694847	7.879775	0.004358
65	306.016700	513.903680	4.707949	7.906210	0.004395
66	311.805930	523.936800	4.724332	7.938436	0.004484
67	317.513190	533.807400	4.739003	7.967275	0.004554
68	323.075810	543.446480	4.751115	7.991860	0.004646
69	328.771870	553.309640	4.764810	8.018980	0.004723
70	334.627610	563.456480	4.780394	8.049378	0.004773
71	340.269590	573.210260	4.792529	8.073384	0.004860
72	346.025630	583.228280	4.805912	8.100393	0.004923
73	351.839670	593.297320	4.819722	8.127361	0.005002
74	357.331520	602.768900	4.828804	8.145526	0.005093
75	363.464810	613.479500	4.846197	8.179727	0.005147
76	369.244420	623.498880	4.858479	8.203933	0.005231
77	374.992140	633.472260	4.870028	8.226912	0.005303
78	380.858390	643.684100	4.882800	8.252360	0.005365
79	386.275000	652.963060	4.889557	8.265355	0.005461
80	392.467680	663.832920	4.905846	8.297911	0.005527
81	398.498640	674.370260	4.919736	8.325559	0.005606
82	404.119960	684.124400	4.928292	8.342980	0.005678
83	410.176750	694.668360	4.941889	8.369498	0.005769
84	415.865380	704.492920	4.950778	8.386820	0.005846
85	422.104220	715.489440	4.965932	8.417523	0.005923
86	427.795030	725.300800	4.974361	8.433730	0.005968
87	433.580290	735.370160	4.983681	8.452531	0.006082
88	439.767680	746.222660	4.997360	8.479803	0.006157
89	446.040710	757.209300	5.011693	8.507970	0.006251
90	451.411220	766.424820	5.015680	8.515831	0.006270
91	457.876550	777.833460	5.031610	8.547620	0.006381
92	463.467260	787.482180	5.037688	8.559589	0.006496
93	469.569610	798.193900	5.049136	8.582730	0.006534
94	475.426590	808.380040	5.057730	8.599788	0.006615
95	481.386530	818.751180	5.067227	8.618433	0.006728
96	487.655080	829.756020	5.079740	8.643292	0.006770
97	493.400150	839.672340	5.086599	8.656416	0.006874
98	499.886330	851.124580	5.100881	8.684945	0.007002
99	505.647120	861.145240	5.107547	8.698437	0.007090
100	512.272590	872.879460	5.122726	8.728795	0.007157
101	518.038420	882.870920	5.129093	8.741296	0.007252
102	523.814260	892.897460	5.135434	8.753897	0.007322
103	529.788220	903.286080	5.143575	8.769768	0.007341
104	536.591380	915.363080	5.159533	8.801568	0.007418
105	542.259130	925.197920	5.164373	8.811409	0.007490
106	548.475270	936.119520	5.174295	8.831316	0.007579
107	554.600440	946.835400	5.183182	8.848929	0.007643
108	560.885200	957.856340	5.193381	8.869040	0.007757
109	566.677720	967.903740	5.198878	8.879851	0.007828
110	573.259040	979.582960	5.211446	8.905300	0.007906
111	579.457820	990.403700	5.220341	8.922556	0.007990
112	585.451100	1000.882820	5.227242	8.936454	0.008050
113	591.871880	1012.197900	5.237804	8.957504	0.008132
114	597.219020	1021.361680	5.238763	8.959313	0.008218
115	604.010790	1033.413320	5.252268	8.986203	0.008319
116	609.944170	1043.723320	5.258139	8.997615	0.008384
117	616.488780	1055.309560	5.269135	9.019740	0.008487
118	622.992150	1066.777180	5.279594	9.040485	0.008563
119	629.027120	1077.287620	5.285942	9.052837	0.008658
120	635.257440	1088.241400	5.293812	9.068678	0.008720
121	641.364590	1098.895660	5.300534	9.081782	0.008795
122	648.088250	1110.855960	5.312199	9.105377	0.008875
123	654.032870	1121.206200	5.317340	9.115498	0.008990
124	660.730640	1133.062500	5.328473	9.137601	0.009038
125	666.480130	1143.047280	5.331841	9.144378	0.009137
126	672.854890	1154.268700	5.340118	9.160863	0.009210
127	679.093230	1165.217540	5.347191	9.174941	0.009318
128	685.504160	1176.477980	5.355501	9.191234	0.009362
129	691.619740	1187.229060	5.361393	9.203326	0.009454
130	698.096160	1198.622060	5.369970	9.220170	0.009562
131	704.473330	1209.857380	5.377659	9.235553	0.009712
132	711.193240	1221.791000	5.387828	9.255992	0.009798
133	717.064990	1231.975600	5.391466	9.262974	0.009902
134	723.414550	1243.151080	5.398616	9.277247	0.009965
135	730.116920	1255.021340	5.408273	9.296454	0.009995
136	736.727180	1266.714420	5.417112	9.314077	0.010084
137	742.660370	1277.026040	5.420879	9.321358	0.010192
138	749.072890	1288.356720	5.428064	9.335918	0.010265
139	755.083300	1298.794180	5.432254	9.343843	0.010288
140	762.113150	1311.340620	5.443665	9.366719	0.010396
