1	0.000000	0.000000	0.000000	0.000000	0.003392
2	0.511500	1.023000	0.255750	0.511500	0.003366
3	1.663000	6.314600	0.554333	2.104867	0.003501
4	3.501000	8.208000	0.875250	2.052000	0.003535
5	5.613500	11.455800	1.122700	2.291160	0.003588
6	8.031900	15.034000	1.338650	2.505667	0.003684
7	10.709900	18.998200	1.529986	2.714029	0.003729
8	13.637000	22.950600	1.704625	2.868825	0.003845
9	16.708000	27.195400	1.856444	3.021711	0.003836
10	20.051500	31.480200	2.005150	3.148020	0.003914
11	23.433100	36.043600	2.130282	3.276691	0.004040
12	27.036400	40.660600	2.253033	3.388383	0.004069
13	30.829400	45.504400	2.371492	3.500338	0.004195
14	34.690700	50.324200	2.477907	3.594586	0.004243
15	38.682200	55.359600	2.578813	3.690640	0.004271
16	42.814300	60.324800	2.675894	3.770300	0.004350
17	46.994000	65.648000	2.764353	3.861647	0.004493
18	51.304200	70.950800	2.850233	3.941711	0.004536
19	55.731200	76.130400	2.933221	4.006863	0.004631
20	60.265700	81.412800	3.013285	4.070640	0.004774
21	64.696700	87.099600	3.080795	4.147600	0.004794
22	69.493300	92.692800	3.158786	4.213309	0.004857
23	74.139800	98.559200	3.223470	4.285183	0.005032
24	78.990500	104.108600	3.291271	4.337858	0.005108
25	83.920600	109.931400	3.356824	4.397256	0.005288
26	88.782900	115.536000	3.414727	4.443692	0.005284
27	94.024700	121.724000	3.482396	4.508296	0.005317
28	98.925300	127.768800	3.533046	4.563171	0.005473
29	104.346700	133.681600	3.598162	4.609710	0.005569
30	109.438900	139.535200	3.647963	4.651173	0.005577
31	114.545400	145.814000	3.695013	4.703677	0.005692
32	120.268300	151.859800	3.758384	4.745619	0.005720
33	125.195600	158.513800	3.793806	4.803448	0.005789
34	130.787200	164.472200	3.846682	4.837418	0.005875
35	136.211600	171.191200	3.891760	4.891177	0.005890
36	141.784800	177.137800	3.938467	4.920494	0.005976
37	147.319900	183.505000	3.981619	4.959595	0.005995
38	153.114300	189.914200	4.029324	4.997742	0.006154
39	158.689300	196.868400	4.068956	5.047908	0.006145
40	164.496600	203.129800	4.112415	5.078245	0.006458
41	170.241300	209.650200	4.152227	5.113420	0.006414
42	176.221300	216.263400	4.195745	5.149129	0.006447
43	182.111100	222.719400	4.235142	5.179521	0.006698
44	187.864000	229.383200	4.269636	5.213255	0.006629
45	193.600500	236.280200	4.302233	5.250671	0.006808
46	199.278600	243.250800	4.332143	5.288061	0.007124
47	205.527200	249.439200	4.372919	5.307217	0.006989
48	211.881100	256.363200	4.414190	5.340900	0.007274
49	218.323400	263.625400	4.455580	5.380110	0.007533
50	224.206600	270.599600	4.484132	5.411992	0.007271
51	230.091700	276.998800	4.511602	5.431349	0.007498
52	236.408500	284.412600	4.546317	5.469473	0.007665
53	242.299900	291.318000	4.571696	5.496566	0.008032
54	248.434300	297.990800	4.600635	5.518348	0.008167
55	255.474000	305.375400	4.644982	5.552280	0.008255
56	261.514700	312.999000	4.669905	5.589268	0.007959
57	268.241700	319.096200	4.705995	5.598179	0.008488
58	274.269000	325.942400	4.728776	5.619697	0.008532
59	280.698200	334.016000	4.757597	5.661288	0.008299
60	286.722700	340.608600	4.778712	5.676810	0.008950
61	293.831400	348.533200	4.816908	5.713659	0.009109
62	300.057700	355.019600	4.839640	5.726123	0.009045
63	306.561600	363.432600	4.866057	5.768771	0.008490
64	313.468600	369.690000	4.897947	5.776406	0.009176
65	320.241400	376.958400	4.926791	5.799360	0.009424
66	326.265000	383.945400	4.943409	5.817355	0.009758
67	333.074600	391.236600	4.971263	5.839352	0.009789
68	339.479100	398.519200	4.992340	5.860576	0.009952
69	346.542800	406.825600	5.022359	5.896023	0.009999
70	353.099100	413.562000	5.044273	5.908029	0.010142
71	359.541800	421.045200	5.063969	5.930214	0.010396
72	366.563700	428.392200	5.091162	5.949892	0.010247
73	373.959400	435.461600	5.122732	5.965227	0.010269
74	380.209200	443.088600	5.137962	5.987684	0.010456
75	387.293400	452.071800	5.163912	6.027624	0.010513
76	393.621600	459.742000	5.179232	6.049237	0.010257
77	400.573800	466.337000	5.202257	6.056325	0.010316
78	408.036300	472.720600	5.231235	6.060521	0.010446
79	414.364900	482.307600	5.245125	6.105159	0.010039
80	422.457700	488.753800	5.280721	6.109423	0.010071
81	429.388100	495.504200	5.301088	6.117336	0.010548
82	435.652500	504.438400	5.312835	6.151688	0.010381
83	443.043700	511.256200	5.337876	6.159713	0.010891
84	449.773300	521.059400	5.354444	6.203088	0.010942
85	456.846300	528.016600	5.374662	6.211960	0.011260
86	464.329800	535.207800	5.399184	6.223347	0.010693
87	470.988100	543.506200	5.413656	6.247198	0.011239
88	478.497200	550.181600	5.437468	6.252064	0.010990
89	484.891200	560.035400	5.448216	6.292533	0.010937
90	492.255400	565.261600	5.469504	6.280684	0.011210
91	500.057200	574.340800	5.495134	6.311437	0.011165
92	506.480600	582.482600	5.505224	6.331333	0.011669
93	515.052600	588.258600	5.538200	6.325361	0.011399
94	521.679700	596.600600	5.549784	6.346815	0.011918
95	529.488200	605.621400	5.573560	6.374962	0.011497
96	536.038600	614.334200	5.583735	6.399315	0.011291
97	543.400400	623.293000	5.602066	6.425701	0.012415
98	549.957300	629.600400	5.611809	6.424494	0.012039
99	557.414100	637.775000	5.630445	6.442172	0.011752
100	564.461600	645.705000	5.644616	6.457050	0.012080
101	572.378000	654.427000	5.667109	6.479475	0.012160
102	580.328400	660.219200	5.689494	6.472737	0.012085
103	587.520100	669.798400	5.704079	6.502897	0.012516
104	594.634800	679.044400	5.717642	6.529273	0.012555
105	601.774700	685.539000	5.731188	6.528943	0.014192
106	609.487100	692.487200	5.749878	6.532898	0.013155
107	617.890900	700.674000	5.774681	6.548355	0.013750
108	625.481400	710.028200	5.791494	6.574335	0.013293
109	632.463300	718.703200	5.802416	6.593607	0.013274
110	640.559000	726.630800	5.823264	6.605735	0.013363
111	647.986200	734.559200	5.837714	6.617650	0.013464
112	655.172000	741.678000	5.849750	6.622125	0.013726
113	662.797900	750.913600	5.865468	6.645253	0.013843
114	669.435600	759.652400	5.872242	6.663618	0.013256
115	678.226600	766.492000	5.897623	6.665148	0.014012
116	685.776700	775.562400	5.911868	6.685883	0.014484
117	692.301800	782.672600	5.917109	6.689509	0.014942
118	701.368900	791.406200	5.943804	6.706832	0.013290
119	708.018500	798.264000	5.949735	6.708101	0.014264
120	716.095900	808.200400	5.967466	6.735003	0.014553
121	723.793000	815.519800	5.981760	6.739833	0.013457
122	731.172500	823.435800	5.993217	6.749474	0.013540
123	738.617100	831.118600	6.005017	6.757062	0.014933
124	747.070700	839.978400	6.024764	6.774019	0.014309
125	754.533300	849.767800	6.036266	6.798142	0.015263
126	762.973700	856.846400	6.055347	6.800368	0.015731
127	771.289500	867.780800	6.073146	6.832920	0.015145
128	778.491700	874.366800	6.081966	6.830991	0.014678
129	786.770500	883.127600	6.098996	6.845950	0.014834
130	792.184400	891.594200	6.093726	6.858417	0.016408
131	801.458200	900.658200	6.118002	6.875253	0.015872
132	810.208900	907.339400	6.137946	6.873783	0.014916
133	817.660400	918.335800	6.147823	6.904780	0.015779
134	825.222900	927.258000	6.158380	6.919836	0.016049
135	833.929400	933.591000	6.177255	6.915489	0.015034
136	840.090300	941.504200	6.177135	6.922825	0.014790
137	849.350500	950.824600	6.199639	6.940326	0.016797
138	855.759100	959.326400	6.201153	6.951641	0.016186
139	865.408200	966.578200	6.225958	6.953800	0.015553
140	873.752700	977.062200	6.241091	6.979016	0.015970
141	880.770800	984.522400	6.246601	6.982428	0.017271
142	888.324700	993.630600	6.255808	6.997399	0.015334
143	896.646800	1002.526400	6.270257	7.010674	0.016255
144	905.201400	1011.724200	6.286121	7.025862	0.016313
145	913.219600	1018.289200	6.298066	7.022684	0.014941
146	922.044300	1028.066400	6.315372	7.041551	0.016093
147	929.522500	1036.713200	6.323282	7.052471	0.016998
148	936.504100	1043.272800	6.327730	7.049141	0.016538
149	943.931100	1053.971000	6.335108	7.073631	0.016450
150	954.194100	1062.717200	6.361294	7.084781	0.016854
151	962.286900	1072.564000	6.372761	7.103073	0.016434
152	969.162300	1078.954800	6.376068	7.098387	0.016185
153	976.937300	1089.335200	6.385211	7.119838	0.016424
154	986.187300	1099.381200	6.403814	7.138839	0.017275
155	994.271600	1104.787800	6.414655	7.127663	0.016387
156	1001.904100	1114.473800	6.422462	7.144063	0.016380
157	1009.145600	1123.183800	6.427679	7.154037	0.018133
158	1019.096800	1130.213200	6.449980	7.153248	0.016846
159	1026.573500	1140.999400	6.456437	7.176097	0.016865
160	1034.538400	1147.666000	6.465865	7.172913	0.017194
