1	0.000000	0.000000	0.000000	0.000000	0.003783
2	1.000000	1.004000	0.500000	0.502000	0.003536
3	2.685000	3.006000	0.895000	1.002000	0.003367
4	4.896000	5.898000	1.224000	1.474500	0.003447
5	7.714000	10.024000	1.542800	2.004800	0.003538
6	11.052000	15.056000	1.842000	2.509333	0.003727
7	14.972000	21.144000	2.138857	3.020571	0.003894
8	19.385000	28.292000	2.423125	3.536500	0.003670
9	24.109000	35.830000	2.678778	3.981111	0.003861
10	29.690000	45.124000	2.969000	4.512400	0.003803
11	35.347000	54.726000	3.213364	4.975091	0.003737
12	42.063000	66.380000	3.505250	5.531667	0.004303
13	48.553000	77.488000	3.734846	5.960615	0.004279
14	56.851000	92.308000	4.060786	6.593429	0.004445
15	64.498000	105.808000	4.299867	7.053867	0.004278
16	72.467000	119.800000	4.529187	7.487500	0.004642
17	81.694000	136.180000	4.805529	8.010588	0.004724
18	91.277000	153.450000	5.070944	8.525000	0.004627
19	100.058000	169.258000	5.266211	8.908316	0.004832
20	111.822000	191.006000	5.591100	9.550300	0.005147
21	122.509000	210.224000	5.833762	10.010667	0.005555
22	134.331000	232.050000	6.105955	10.547727	0.005605
23	145.555000	252.612000	6.328478	10.983130	0.005674
24	115.696000	193.092000	4.820667	8.045500	0.005824
25	119.604000	199.110000	4.784160	7.964400	0.005437
26	127.734000	213.628000	4.912846	8.216462	0.005796
27	133.940000	224.460000	4.960741	8.313333	0.006298
28	140.044000	235.064000	5.001571	8.395143	0.006028
29	145.072000	243.274000	5.002483	8.388759	0.005902
30	150.412000	252.358000	5.013733	8.411933	0.005998
31	156.207000	262.106000	5.038935	8.455032	0.005913
32	162.014000	272.180000	5.062938	8.505625	0.006183
33	168.837000	284.242000	5.116273	8.613394	0.006031
34	174.536000	293.670000	5.133412	8.637353	0.006294
35	182.449000	307.998000	5.212829	8.799943	0.006479
36	187.710000	316.784000	5.214167	8.799556	0.006386
37	193.514000	326.928000	5.230108	8.835892	0.006716
38	200.052000	338.126000	5.264526	8.898053	0.006442
39	204.789000	345.854000	5.251000	8.868051	0.007152
40	208.952000	352.586000	5.223800	8.814650	0.006991
41	219.522000	372.058000	5.354195	9.074585	0.007463
42	224.365000	380.042000	5.342024	9.048619	0.006803
43	230.570000	390.810000	5.362093	9.088605	0.006926
44	237.926000	403.734000	5.407409	9.175773	0.007397
45	243.460000	412.988000	5.410222	9.177511	0.007287
46	249.441000	423.350000	5.422630	9.203261	0.007310
47	254.091000	430.978000	5.406191	9.169745	0.007993
48	262.962000	447.198000	5.478375	9.316625	0.008051
49	267.745000	455.270000	5.464184	9.291224	0.008005
50	274.144000	466.068000	5.482880	9.321360	0.007409
51	279.084000	474.220000	5.472235	9.298431	0.008255
52	285.495000	485.760000	5.490288	9.341538	0.009008
53	295.312000	503.466000	5.571925	9.499358	0.008436
54	299.317000	509.866000	5.542907	9.441963	0.008315
55	307.686000	524.930000	5.594291	9.544182	0.009341
56	311.841000	531.716000	5.568589	9.494929	0.008806
57	321.358000	548.870000	5.637860	9.629298	0.008333
58	327.528000	559.440000	5.647034	9.645517	0.008427
59	331.854000	566.452000	5.624644	9.600881	0.008810
60	341.418000	584.182000	5.690300	9.736367	0.008610
61	345.352000	590.154000	5.661508	9.674656	0.009221
62	352.442000	602.582000	5.684548	9.719065	0.009016
63	360.548000	617.134000	5.722984	9.795778	0.008479
64	366.673000	627.560000	5.729266	9.805625	0.009552
65	372.916000	638.700000	5.737169	9.826154	0.010364
66	380.165000	651.480000	5.760076	9.870909	0.009685
67	386.757000	662.694000	5.772493	9.890955	0.010683
68	390.108000	667.790000	5.736882	9.820441	0.009975
69	398.616000	683.338000	5.777043	9.903449	0.010944
70	406.336000	697.150000	5.804800	9.959286	0.010007
71	414.040000	710.696000	5.831549	10.009803	0.010939
72	417.385000	715.710000	5.797014	9.940417	0.010093
73	426.730000	732.724000	5.845616	10.037315	0.010778
74	435.953000	749.442000	5.891257	10.127595	0.010744
75	439.624000	755.032000	5.861653	10.067093	0.011898
76	446.317000	766.788000	5.872592	10.089316	0.009654
77	456.169000	784.928000	5.924273	10.193870	0.011883
78	461.277000	793.532000	5.913808	10.173487	0.011496
79	468.134000	805.676000	5.925747	10.198430	0.011539
80	472.148000	811.730000	5.901850	10.146625	0.011380
81	479.509000	824.908000	5.919864	10.184049	0.010483
82	491.748000	847.598000	5.996927	10.336561	0.011979
83	495.166000	852.744000	5.965855	10.274024	0.012753
84	502.429000	865.764000	5.981298	10.306714	0.010486
85	508.710000	876.338000	5.984824	10.309859	0.012725
86	513.461000	884.306000	5.970477	10.282628	0.011868
87	521.085000	898.116000	5.989483	10.323172	0.011571
88	531.183000	916.536000	6.036170	10.415182	0.012971
89	539.250000	931.174000	6.058989	10.462629	0.012222
90	542.323000	935.306000	6.025811	10.392289	0.011386
91	548.560000	946.216000	6.028132	10.397978	0.011859
92	558.993000	964.992000	6.076011	10.489043	0.011600
93	566.427000	978.410000	6.090613	10.520538	0.012811
94	574.584000	993.360000	6.112596	10.567660	0.014265
95	578.893000	1000.006000	6.093611	10.526379	0.012469
96	585.210000	1011.082000	6.095938	10.532104	0.014006
97	591.967000	1022.754000	6.102753	10.543856	0.012073
98	601.504000	1040.278000	6.137796	10.615082	0.012505
99	604.657000	1044.850000	6.107646	10.554040	0.012536
100	615.011000	1063.784000	6.150110	10.637840	0.013379
101	619.597000	1071.630000	6.134624	10.610198	0.013280
102	626.367000	1083.428000	6.140853	10.621843	0.013013
103	635.724000	1100.072000	6.172078	10.680311	0.014560
104	639.771000	1107.016000	6.151644	10.644385	0.014965
105	650.358000	1126.000000	6.193886	10.723810	0.015525
106	657.808000	1139.492000	6.205736	10.749925	0.013909
107	664.545000	1151.242000	6.210701	10.759271	0.013263
108	671.042000	1162.408000	6.213352	10.763037	0.012935
109	679.146000	1176.900000	6.230697	10.797248	0.013103
110	684.864000	1186.610000	6.226036	10.787364	0.013661
111	692.036000	1199.458000	6.234559	10.805928	0.012931
112	701.337000	1216.272000	6.261937	10.859571	0.013744
113	703.766000	1219.908000	6.228018	10.795646	0.012777
114	714.589000	1239.826000	6.268325	10.875667	0.014081
115	724.054000	1256.720000	6.296122	10.928000	0.013867
116	730.719000	1268.240000	6.299302	10.933103	0.014513
117	738.109000	1281.400000	6.308624	10.952137	0.015042
118	741.651000	1287.250000	6.285178	10.908898	0.014123
119	750.237000	1302.408000	6.304513	10.944605	0.014702
120	758.469000	1317.026000	6.320575	10.975217	0.015164
121	767.512000	1333.560000	6.343074	11.021157	0.015111
122	771.232000	1339.094000	6.321574	10.976180	0.015055
123	781.655000	1358.364000	6.354919	11.043610	0.014864
124	785.621000	1364.706000	6.335653	11.005694	0.014594
125	792.357000	1376.632000	6.338856	11.013056	0.014691
126	801.124000	1392.008000	6.358127	11.047683	0.015329
127	808.605000	1405.798000	6.366969	11.069276	0.014545
128	814.786000	1416.616000	6.365516	11.067312	0.015240
129	819.414000	1424.250000	6.352047	11.040698	0.015752
130	829.379000	1442.324000	6.379838	11.094800	0.015495
131	836.623000	1455.334000	6.386435	11.109420	0.015586
132	850.228000	1480.196000	6.441121	11.213606	0.015893
133	850.962000	1479.922000	6.398211	11.127233	0.017250
134	857.840000	1492.212000	6.401791	11.135910	0.017323
135	869.645000	1514.314000	6.441815	11.217141	0.018239
136	873.677000	1520.848000	6.424096	11.182706	0.018031
137	879.930000	1531.566000	6.422847	11.179314	0.016835
138	891.128000	1552.434000	6.457449	11.249522	0.017147
139	894.467000	1557.296000	6.435014	11.203568	0.016988
140	901.761000	1569.770000	6.441150	11.212643	0.017028
141	907.921000	1580.664000	6.439156	11.210383	0.016698
142	917.850000	1599.116000	6.463732	11.261380	0.016746
143	923.993000	1609.854000	6.461490	11.257720	0.017401
144	930.510000	1621.066000	6.461875	11.257403	0.017493
145	939.101000	1636.220000	6.476559	11.284276	0.017690
146	951.546000	1659.352000	6.517438	11.365425	0.018839
147	952.149000	1659.574000	6.477204	11.289619	0.019844
148	960.091000	1673.680000	6.487101	11.308649	0.020118
149	969.383000	1690.134000	6.505926	11.343181	0.021179
150	977.908000	1705.630000	6.519387	11.370867	0.020038
151	985.024000	1718.382000	6.523338	11.380013	0.019047
152	994.260000	1735.220000	6.541184	11.415921	0.018984
153	1000.885000	1746.670000	6.541732	11.416144	0.018892
154	1011.477000	1766.310000	6.568032	11.469545	0.018005
155	1013.963000	1769.774000	6.541697	11.417897	0.018579
156	1031.012000	1801.660000	6.609051	11.549103	0.020003
157	1026.764000	1791.840000	6.539898	11.412994	0.018836
158	1039.390000	1815.212000	6.578418	11.488684	0.019373
159	1041.483000	1817.968000	6.550208	11.433761	0.019847
160	1055.145000	1843.296000	6.594656	11.520600	0.019569
