1	0.000000	0.000000	0.000000	0.000000	0.003343
2	1.000000	1.023000	0.500000	0.511500	0.003292
3	2.660000	2.973400	0.886667	0.991133	0.003405
4	4.910800	5.982800	1.227700	1.495700	0.003421
5	7.711600	9.984800	1.542320	1.996960	0.003421
6	11.046400	15.006600	1.841067	2.501100	0.003543
7	14.896300	20.956800	2.128043	2.993829	0.003541
8	19.275700	27.978200	2.409462	3.497275	0.003579
9	24.138600	35.912600	2.682067	3.990289	0.003661
10	29.560400	44.974200	2.956040	4.497420	0.003722
11	35.464100	54.952400	3.224009	4.995673	0.003760
12	42.037100	66.272800	3.503092	5.522733	0.003887
13	48.782700	77.943600	3.752515	5.995662	0.003870
14	56.260200	90.994600	4.018586	6.499614	0.004059
15	64.290500	105.198600	4.286033	7.013240	0.004148
16	72.549200	119.841600	4.534325	7.490100	0.004167
17	81.627900	136.166800	4.801641	8.009812	0.004395
18	91.036200	153.049400	5.057567	8.502744	0.004413
19	100.808700	170.659800	5.305721	8.982095	0.004622
20	111.531100	190.250400	5.576555	9.512520	0.004763
21	122.148200	209.576000	5.816581	9.979810	0.004825
22	133.930900	231.273800	6.087768	10.512445	0.005007
23	145.774100	253.066200	6.338004	11.002878	0.005209
24	158.107000	275.794200	6.587792	11.491425	0.005208
25	171.098800	299.848200	6.843952	11.993928	0.005300
26	184.570600	324.908600	7.098869	12.496485	0.005449
27	198.485600	350.751400	7.351319	12.990793	0.005446
28	213.035100	377.922000	7.608396	13.497214	0.005677
29	227.503200	404.840200	7.844938	13.960007	0.005814
30	243.278600	434.489600	8.109287	14.482987	0.005820
31	259.551700	465.178600	8.372635	15.005761	0.006167
32	275.909600	495.951600	8.622175	15.498488	0.006256
33	292.719700	527.571400	8.870294	15.987012	0.006591
34	310.105900	560.452400	9.120762	16.483894	0.006867
35	328.267600	594.797000	9.379074	16.994200	0.007000
36	346.460600	629.272200	9.623906	17.479783	0.007083
37	365.962700	666.313200	9.890884	18.008465	0.007647
38	385.095500	702.635400	10.134092	18.490405	0.007527
39	405.306900	741.174600	10.392485	19.004477	0.007499
40	426.221800	780.959600	10.655545	19.523990	0.007996
41	446.182500	818.965400	10.882500	19.974766	0.008375
42	468.012400	860.665800	11.143152	20.492043	0.008146
43	490.623000	903.965400	11.409837	21.022451	0.008461
44	513.374000	947.501000	11.667591	21.534114	0.008620
45	535.086100	988.921400	11.890802	21.976031	0.008921
46	557.735500	1032.287800	12.124685	22.441039	0.009563
47	583.729400	1082.405600	12.419774	23.029906	0.009878
48	607.763900	1128.442800	12.661748	23.509225	0.009672
49	632.989400	1176.977200	12.918151	24.019943	0.010930
50	657.594200	1224.227800	13.151884	24.484556	0.010751
51	683.648000	1274.345400	13.404863	24.987165	0.010807
52	709.996800	1325.033400	13.653785	25.481412	0.010729
53	739.139800	1381.440200	13.946034	26.064909	0.010637
54	765.643900	1432.490600	14.178591	26.527604	0.011328
55	793.046500	1485.324800	14.419027	27.005905	0.011695
56	820.542400	1538.382000	14.652543	27.471107	0.011202
57	850.638300	1596.634600	14.923479	28.011133	0.011181
58	880.545200	1654.474400	15.181814	28.525421	0.012058
59	908.789200	1708.901200	15.403207	28.964427	0.012319
60	941.339800	1772.054000	15.688997	29.534233	0.012355
61	970.626400	1828.672000	15.911908	29.978230	0.012613
62	1000.805000	1887.053000	16.142016	30.436339	0.012602
63	1034.906900	1953.284600	16.427094	31.004517	0.013532
64	1068.491000	2018.533000	16.695172	31.539578	0.013932
65	1100.917100	2081.402200	16.937186	32.021572	0.014875
66	1135.113500	2147.796400	17.198689	32.542370	0.015712
67	1167.550100	2210.714400	17.426121	32.995737	0.015011
68	1201.621900	2276.928800	17.670910	33.484247	0.016175
69	1238.111800	2347.898600	17.943649	34.027516	0.016592
70	1272.320000	2414.325200	18.176000	34.490360	0.016759
71	1308.879300	2485.495800	18.434920	35.006983	0.016885
72	1345.123000	2555.989200	18.682264	35.499850	0.017097
73	1382.223600	2628.171200	18.934570	36.002345	0.018696
74	1418.515700	2698.809600	19.169131	36.470400	0.018071
75	1456.471200	2772.798600	19.419616	36.970648	0.019264
76	1496.837600	2851.545200	19.695232	37.520332	0.018782
77	1535.816900	2927.561000	19.945674	38.020273	0.019725
78	1573.499100	3000.859200	20.173065	38.472554	0.019657
79	1613.935300	3079.774400	20.429561	38.984486	0.019438
80	1655.663000	3161.284000	20.695788	39.516050	0.020097
81	1696.480200	3240.928800	20.944200	40.011467	0.020489
82	1738.647000	3323.306600	21.203012	40.528129	0.021444
83	1780.521500	3405.032800	21.452066	41.024492	0.019990
84	1821.748900	3485.543200	21.687487	41.494562	0.022331
85	1865.160500	3570.434800	21.943065	42.005115	0.022189
86	1906.290300	3650.648600	22.166166	42.449402	0.021634
87	1950.797600	3737.733200	22.422961	42.962451	0.023590
88	1995.879100	3825.982000	22.680444	43.477068	0.023155
89	2040.378400	3912.910000	22.925600	43.965281	0.023760
90	2088.926800	4008.077200	23.210298	44.534191	0.022377
91	2134.199800	4096.620000	23.452745	45.017802	0.024411
92	2182.220600	4190.697800	23.719789	45.551063	0.023285
93	2228.043300	4280.369400	23.957455	46.025477	0.023722
94	2276.383500	4375.103200	24.216846	46.543651	0.023421
95	2322.445200	4465.177400	24.446792	47.001867	0.022492
96	2371.861800	4562.036800	24.706894	47.521217	0.024603
97	2418.713100	4653.674200	24.935187	47.976023	0.024129
98	2471.078100	4756.538400	25.215083	48.536106	0.023287
99	2519.694800	4851.760400	25.451463	49.007681	0.026975
100	2567.007800	4944.414400	25.670078	49.444144	0.025195
101	2618.161900	5044.752800	25.922395	49.948048	0.023693
102	2672.826000	5152.064800	26.204176	50.510439	0.025255
103	2727.635600	5259.731800	26.481899	51.065357	0.024310
104	2777.328500	5357.114800	26.705082	51.510719	0.024071
105	2830.506100	5461.554400	26.957201	52.014804	0.024872
106	2886.622300	5571.686800	27.232286	52.563083	0.025483
107	2939.033100	5674.614800	27.467599	53.033783	0.024924
108	2993.441100	5781.435600	27.717047	53.531811	0.025701
109	3047.381900	5887.376600	27.957632	54.012629	0.027651
110	3101.861400	5994.230600	28.198740	54.493005	0.029791
111	3159.962500	6108.525600	28.468131	55.031762	0.028543
112	3214.651000	6215.925600	28.702241	55.499336	0.026870
113	3273.467700	6331.608800	28.968741	56.031936	0.029705
114	3329.100200	6440.898400	29.202633	56.499109	0.028734
115	3382.901200	6546.427800	29.416532	56.925459	0.028853
116	3446.793800	6672.230800	29.713740	57.519231	0.029011
117	3505.309900	6787.341800	29.959914	58.011468	0.029796
118	3560.452000	6895.649400	30.173322	58.437707	0.032409
119	3620.303600	7013.338000	30.422719	58.935613	0.031858
120	3684.341500	7139.448200	30.702846	59.495402	0.028580
121	3748.105500	7265.041400	30.976079	60.041664	0.030146
122	3804.534500	7375.887600	31.184709	60.458095	0.031770
123	3871.039300	7506.989200	31.471864	61.032433	0.032598
124	3932.459000	7627.746600	31.713379	61.514085	0.030550
125	3993.180400	7747.233200	31.945443	61.977866	0.034050
126	4051.841300	7862.505000	32.157471	62.400833	0.031444
127	4123.646300	8004.180000	32.469656	63.025039	0.031743
128	4181.536500	8117.968000	32.668254	63.421625	0.032936
129	4256.280300	8265.455000	32.994421	64.073295	0.032893
130	4315.883900	8382.612400	33.199107	64.481634	0.035364
131	4382.872100	8514.623000	33.457039	64.997122	0.032885
132	4451.483500	8649.921600	33.723360	65.529709	0.033093
133	4518.121900	8781.247400	33.970841	66.024417	0.036212
134	4581.829400	8906.659200	34.192757	66.467606	0.035684
135	4651.318600	9043.653800	34.454212	66.990028	0.038014
136	4717.789600	9174.588000	34.689629	67.460206	0.035802
137	4783.530900	9304.060400	34.916284	67.912850	0.034000
138	4855.301700	9445.627600	35.183346	68.446577	0.033728
139	4932.878200	9598.822800	35.488332	69.056279	0.036710
140	4999.822000	9730.712800	35.713014	69.505091	0.035126
141	5072.147600	9873.422400	35.972678	70.024272	0.038688
142	5140.564400	10008.264000	36.201158	70.480732	0.036360
143	5216.915900	10158.938200	36.481929	71.041526	0.037841
144	5284.855200	10292.843600	36.700383	71.478081	0.040107
145	5358.474800	10438.124000	36.954999	71.987062	0.039406
146	5432.520100	10584.223600	37.209042	72.494682	0.040489
147	5507.798200	10732.756800	37.468015	73.011951	0.040317
148	5580.923700	10877.151800	37.708944	73.494269	0.040810
149	5652.364500	11017.935000	37.935332	73.945872	0.041582
150	5724.387400	11159.910000	38.162583	74.399400	0.040306
151	5805.526300	11320.271600	38.447194	74.968686	0.040764
152	5880.447500	11468.109200	38.687155	75.448087	0.040633
153	5959.462400	11624.198600	38.950735	75.975154	0.041803
154	6036.332600	11775.920600	39.196965	76.467017	0.043023
155	6118.192300	11937.662400	39.472208	77.017177	0.044345
156	6199.221200	12097.696200	39.738597	77.549335	0.043418
157	6277.378500	12252.115200	39.983303	78.038950	0.043810
158	6353.838100	12402.975000	40.214165	78.499842	0.044064
159	6433.016700	12559.297400	40.459225	78.989292	0.045169
160	6514.633500	12720.581000	40.716459	79.503631	0.045363
