1	0.000000	0.000000	0.000000	0.000000	0.003426
2	1.000000	2.000000	0.500000	1.000000	0.003440
3	2.666100	5.000000	0.888700	1.666667	0.003560
4	4.671600	8.000000	1.167900	2.000000	0.003634
5	7.158000	12.000000	1.431600	2.400000	0.003769
6	9.834100	16.000000	1.639017	2.666667	0.003902
7	12.732500	20.000000	1.818929	2.857143	0.004063
8	15.722300	24.000000	1.965287	3.000000	0.004109
9	19.176600	29.000000	2.130733	3.222222	0.004260
10	22.659500	34.000000	2.265950	3.400000	0.004461
11	26.282700	39.000000	2.389336	3.545455	0.004664
12	29.948500	44.000000	2.495708	3.666667	0.004830
13	33.814500	49.000000	2.601115	3.769231	0.005071
14	37.738900	54.000000	2.695636	3.857143	0.005088
15	41.693800	59.000000	2.779587	3.933333	0.005326
16	45.714300	64.000000	2.857144	4.000000	0.005478
17	50.078100	70.000000	2.945771	4.117647	0.005576
18	54.543500	76.000000	3.030194	4.222222	0.005592
19	59.036400	82.000000	3.107179	4.315789	0.005839
20	63.571400	88.000000	3.178570	4.400000	0.005894
21	68.097400	94.000000	3.242733	4.476190	0.005879
22	72.757000	100.000000	3.307136	4.545455	0.006317
23	77.346700	106.000000	3.362900	4.608696	0.006376
24	82.087800	112.000000	3.420325	4.666667	0.006473
25	86.913300	118.000000	3.476532	4.720000	0.006781
26	91.804900	124.000000	3.530958	4.769231	0.006990
27	96.653700	130.000000	3.579767	4.814815	0.007067
28	101.552500	136.000000	3.626875	4.857143	0.007182
29	106.570000	142.000000	3.674828	4.896552	0.007355
30	111.511200	148.000000	3.717040	4.933333	0.007678
31	116.520900	154.000000	3.758739	4.967742	0.007824
32	121.566500	160.000000	3.798953	5.000000	0.007806
33	126.882100	167.000000	3.844912	5.060606	0.008396
34	132.310400	174.000000	3.891482	5.117647	0.008192
35	137.726200	181.000000	3.935034	5.171429	0.008194
36	143.179000	188.000000	3.977194	5.222222	0.008767
37	148.649000	195.000000	4.017541	5.270270	0.008663
38	154.143400	202.000000	4.056405	5.315789	0.008642
39	159.639600	209.000000	4.093323	5.358974	0.008979
40	165.092400	216.000000	4.127310	5.400000	0.009403
41	170.694200	223.000000	4.163273	5.439024	0.009501
42	176.325900	230.000000	4.198236	5.476190	0.009570
43	182.015200	237.000000	4.232912	5.511628	0.009920
44	187.604900	244.000000	4.263748	5.545455	0.009806
45	193.286900	251.000000	4.295264	5.577778	0.010002
46	198.887300	258.000000	4.323637	5.608696	0.010504
47	204.515600	265.000000	4.351396	5.638298	0.010469
48	210.228000	272.000000	4.379750	5.666667	0.010156
49	216.074700	279.000000	4.409688	5.693878	0.010732
50	221.922000	286.000000	4.438440	5.720000	0.010853
51	227.802000	293.000000	4.466706	5.745098	0.010819
52	233.547600	300.000000	4.491300	5.769231	0.010756
53	239.589600	307.000000	4.520558	5.792453	0.011984
54	245.467600	314.000000	4.545696	5.814815	0.011179
55	251.294900	321.000000	4.568998	5.836364	0.010497
56	257.185100	328.000000	4.592591	5.857143	0.010931
57	263.245400	335.000000	4.618340	5.877193	0.011013
58	269.073300	342.000000	4.639195	5.896552	0.012266
59	275.136000	349.000000	4.663322	5.915254	0.012068
60	281.091100	356.000000	4.684852	5.933333	0.012141
61	287.026800	363.000000	4.705357	5.950820	0.013092
62	293.132400	370.000000	4.727942	5.967742	0.013345
63	299.015500	377.000000	4.746278	5.984127	0.012586
64	305.103100	384.000000	4.767236	6.000000	0.012711
65	311.468500	392.000000	4.791823	6.030769	0.012008
66	317.862600	400.000000	4.816100	6.060606	0.012831
67	324.305700	408.000000	4.840384	6.089552	0.012280
68	330.645600	416.000000	4.862435	6.117647	0.013084
69	337.120100	424.000000	4.885799	6.144928	0.013379
70	343.560100	432.000000	4.908001	6.171429	0.014429
71	349.964000	440.000000	4.929070	6.197183	0.014864
72	356.397100	448.000000	4.949960	6.222222	0.015023
73	362.782200	456.000000	4.969619	6.246575	0.014699
74	369.341000	464.000000	4.991095	6.270270	0.015703
75	375.861700	472.000000	5.011489	6.293333	0.016196
76	382.348200	480.000000	5.030897	6.315789	0.015944
77	388.823000	488.000000	5.049649	6.337662	0.016010
78	395.325100	496.000000	5.068271	6.358974	0.014667
79	401.856300	504.000000	5.086789	6.379747	0.016259
80	408.281700	512.000000	5.103521	6.400000	0.016563
81	414.956400	520.000000	5.122919	6.419753	0.016521
82	421.638900	528.000000	5.141938	6.439024	0.016459
83	428.115700	536.000000	5.158020	6.457831	0.018369
84	434.789700	544.000000	5.176068	6.476190	0.016995
85	441.456100	552.000000	5.193601	6.494118	0.017576
86	447.970100	560.000000	5.208955	6.511628	0.017297
87	454.639300	568.000000	5.225739	6.528736	0.017277
88	461.136600	576.000000	5.240189	6.545455	0.018219
89	467.743300	584.000000	5.255543	6.561798	0.016898
90	474.450400	592.000000	5.271671	6.577778	0.017917
91	481.147400	600.000000	5.287334	6.593407	0.018773
92	487.748200	608.000000	5.301611	6.608696	0.019170
93	494.457100	616.000000	5.316743	6.623656	0.019219
94	501.144600	624.000000	5.331326	6.638298	0.017524
95	507.751100	632.000000	5.344748	6.652632	0.017140
96	514.448400	640.000000	5.358838	6.666667	0.017776
97	521.296700	648.000000	5.374193	6.680412	0.019407
98	528.190100	656.000000	5.389695	6.693878	0.018810
99	534.977800	664.000000	5.403816	6.707071	0.018679
100	541.889200	672.000000	5.418892	6.720000	0.020297
101	548.693300	680.000000	5.432607	6.732673	0.019445
102	555.614600	688.000000	5.447202	6.745098	0.019122
103	562.441800	696.000000	5.460600	6.757282	0.018632
104	569.351900	704.000000	5.474538	6.769231	0.020429
105	576.184000	712.000000	5.487467	6.780952	0.019435
106	582.995300	720.000000	5.499956	6.792453	0.020236
107	590.026500	728.000000	5.514266	6.803738	0.020011
108	596.942500	736.000000	5.527245	6.814815	0.019943
109	603.790600	744.000000	5.539363	6.825688	0.019052
110	610.614800	752.000000	5.551044	6.836364	0.020858
111	617.586400	760.000000	5.563841	6.846847	0.019423
112	624.458000	768.000000	5.575518	6.857143	0.021626
113	631.424800	776.000000	5.587830	6.867257	0.020326
114	638.321700	784.000000	5.599313	6.877193	0.019908
115	645.323200	792.000000	5.611506	6.886957	0.020799
116	652.340100	800.000000	5.623622	6.896552	0.019825
117	659.261900	808.000000	5.634717	6.905983	0.020061
118	666.212900	816.000000	5.645872	6.915254	0.020966
119	673.200300	824.000000	5.657145	6.924370	0.021181
120	680.230400	832.000000	5.668587	6.933333	0.022250
121	687.118100	840.000000	5.678662	6.942149	0.021201
122	694.209700	848.000000	5.690243	6.950820	0.020775
123	701.142500	856.000000	5.700346	6.959350	0.021318
124	708.158000	864.000000	5.710952	6.967742	0.023971
125	715.113000	872.000000	5.720904	6.976000	0.020782
126	722.114500	880.000000	5.731067	6.984127	0.021741
127	729.204300	888.000000	5.741766	6.992126	0.020170
128	736.140400	896.000000	5.751097	7.000000	0.020101
129	743.455400	905.000000	5.763220	7.015504	0.022539
130	751.055400	914.000000	5.777349	7.030769	0.020248
131	758.295500	923.000000	5.788515	7.045802	0.021035
132	765.787300	932.000000	5.801419	7.060606	0.021426
133	773.114700	941.000000	5.812892	7.075188	0.021290
134	780.617200	950.000000	5.825501	7.089552	0.020827
135	787.981500	959.000000	5.836900	7.103704	0.023155
136	795.412300	968.000000	5.848620	7.117647	0.022300
137	802.807500	977.000000	5.859909	7.131387	0.022178
138	810.291600	986.000000	5.871678	7.144928	0.022305
139	817.750700	995.000000	5.883099	7.158273	0.023233
140	825.120400	1004.000000	5.893717	7.171429	0.024060
141	832.465100	1013.000000	5.904008	7.184397	0.022888
142	839.998400	1022.000000	5.915482	7.197183	0.023414
143	847.406900	1031.000000	5.925922	7.209790	0.023107
144	854.864000	1040.000000	5.936556	7.222222	0.022171
145	862.382200	1049.000000	5.947463	7.234483	0.022203
146	869.895000	1058.000000	5.958185	7.246575	0.023353
147	877.297700	1067.000000	5.968012	7.258503	0.022273
148	884.733900	1076.000000	5.977932	7.270270	0.022954
149	892.250200	1085.000000	5.988256	7.281879	0.023184
150	899.684500	1094.000000	5.997897	7.293333	0.023290
151	907.140500	1103.000000	6.007553	7.304636	0.023911
152	914.729400	1112.000000	6.017957	7.315789	0.024100
153	922.290200	1121.000000	6.028041	7.326797	0.024438
154	929.835000	1130.000000	6.037890	7.337662	0.024323
155	937.185700	1139.000000	6.046359	7.348387	0.024561
156	944.670700	1148.000000	6.055581	7.358974	0.024794
157	952.194700	1157.000000	6.064934	7.369427	0.025863
158	959.621700	1166.000000	6.073555	7.379747	0.024798
159	967.259700	1175.000000	6.083394	7.389937	0.025566
160	974.694100	1184.000000	6.091838	7.400000	0.024942
