1	0.000000	0.000000	0.000000	0.000000	0.003904
2	0.498000	2.996000	0.249000	1.498000	0.003551
3	1.298000	5.898000	0.432667	1.966000	0.003773
4	2.421000	9.464000	0.605250	2.366000	0.003821
5	3.765000	13.524000	0.753000	2.704800	0.003987
6	5.137000	17.596000	0.856167	2.932667	0.004013
7	6.777000	22.172000	0.968143	3.167429	0.004227
8	8.363000	26.798000	1.045375	3.349750	0.004205
9	10.420000	32.106000	1.157778	3.567333	0.003756
10	12.133000	36.912000	1.213300	3.691200	0.004161
11	14.669000	43.398000	1.333545	3.945273	0.004316
12	16.351000	48.036000	1.362583	4.003000	0.004270
13	18.741000	54.230000	1.441615	4.171538	0.004251
14	20.476000	58.994000	1.462571	4.213857	0.004622
15	23.105000	65.576000	1.540333	4.371733	0.004737
16	25.424000	71.674000	1.589000	4.479625	0.004576
17	27.969000	77.928000	1.645235	4.584000	0.004692
18	30.775000	84.888000	1.709722	4.716000	0.005492
19	32.994000	90.656000	1.736526	4.771368	0.005277
20	35.841000	97.704000	1.792050	4.885200	0.005027
21	38.580000	104.594000	1.837143	4.980667	0.005708
22	40.549000	109.696000	1.843136	4.986182	0.005737
23	44.070000	118.232000	1.916087	5.140522	0.005431
24	46.317000	123.902000	1.929875	5.162583	0.005485
25	48.602000	129.738000	1.944080	5.189520	0.005998
26	52.288000	138.608000	2.011077	5.331077	0.006051
27	55.271000	145.834000	2.047074	5.401259	0.006230
28	58.519000	153.680000	2.089964	5.488571	0.006105
29	61.110000	160.174000	2.107241	5.523241	0.005767
30	63.470000	166.338000	2.115667	5.544600	0.006622
31	66.238000	173.186000	2.136710	5.586645	0.006075
32	69.107000	180.138000	2.159594	5.629312	0.006499
33	72.822000	189.016000	2.206727	5.727758	0.006532
34	75.657000	196.036000	2.225206	5.765765	0.006173
35	78.332000	202.694000	2.238057	5.791257	0.007153
36	82.187000	211.648000	2.282972	5.879111	0.006724
37	85.500000	219.558000	2.310811	5.934000	0.006882
38	87.713000	225.424000	2.308237	5.932211	0.006836
39	91.263000	233.880000	2.340077	5.996923	0.006719
40	94.412000	241.680000	2.360300	6.042000	0.006956
41	98.527000	250.994000	2.403098	6.121805	0.007009
42	101.957000	259.130000	2.427548	6.169762	0.007629
43	106.466000	269.664000	2.475953	6.271256	0.007412
44	108.049000	273.860000	2.455659	6.224091	0.007112
45	111.611000	282.668000	2.480244	6.281511	0.007941
46	115.056000	290.672000	2.501217	6.318957	0.007632
47	117.896000	297.592000	2.508426	6.331745	0.007373
48	121.174000	305.634000	2.524458	6.367375	0.007631
49	127.643000	319.978000	2.604959	6.530163	0.007816
50	129.513000	325.000000	2.590260	6.500000	0.008230
51	131.576000	330.490000	2.579922	6.480196	0.007927
52	136.132000	341.040000	2.617923	6.558462	0.008685
53	140.916000	351.640000	2.658792	6.634717	0.008589
54	142.621000	356.622000	2.641130	6.604111	0.008373
55	147.563000	367.782000	2.682964	6.686945	0.008181
56	151.522000	376.930000	2.705750	6.730893	0.008583
57	156.615000	388.524000	2.747632	6.816211	0.008810
58	159.644000	395.916000	2.752483	6.826138	0.009339
59	163.190000	404.324000	2.765932	6.852949	0.009792
60	168.032000	415.424000	2.800533	6.923733	0.008736
61	168.699000	418.064000	2.765557	6.853508	0.008685
62	173.105000	428.068000	2.792016	6.904323	0.009028
63	177.516000	438.572000	2.817714	6.961460	0.009513
64	179.496000	443.652000	2.804625	6.932063	0.009857
65	185.478000	457.068000	2.853508	7.031815	0.009816
66	188.656000	464.796000	2.858424	7.042364	0.009822
67	190.996000	470.820000	2.850687	7.027164	0.009776
68	195.302000	480.676000	2.872088	7.068765	0.009726
69	198.830000	489.026000	2.881594	7.087333	0.009745
70	206.132000	505.010000	2.944743	7.214429	0.011002
71	207.596000	509.128000	2.923887	7.170817	0.011505
72	208.568000	512.452000	2.896778	7.117389	0.011105
73	215.396000	527.578000	2.950630	7.227096	0.010277
74	220.146000	538.288000	2.974946	7.274162	0.010091
75	221.181000	541.600000	2.949080	7.221333	0.010521
76	225.437000	551.630000	2.966276	7.258289	0.010958
77	230.381000	562.638000	2.991961	7.306987	0.012009
78	235.777000	575.156000	3.022782	7.373795	0.011154
79	240.618000	586.042000	3.045797	7.418253	0.011530
80	241.467000	588.818000	3.018338	7.360225	0.011288
81	245.938000	599.434000	3.036272	7.400420	0.011076
82	251.567000	611.742000	3.067890	7.460268	0.012294
83	255.627000	621.320000	3.079843	7.485783	0.011863
84	258.914000	629.064000	3.082310	7.488857	0.011695
85	262.754000	638.152000	3.091224	7.507671	0.012347
86	265.111000	644.190000	3.082686	7.490581	0.011974
87	270.029000	655.234000	3.103782	7.531425	0.012739
88	275.380000	667.378000	3.129318	7.583841	0.012730
89	280.435000	678.882000	3.150955	7.627888	0.013098
90	282.142000	683.638000	3.134911	7.595978	0.013617
91	285.590000	691.918000	3.138352	7.603495	0.012739
92	290.305000	702.740000	3.155489	7.638478	0.012532
93	295.104000	713.486000	3.173161	7.671892	0.013541
94	302.103000	728.758000	3.213862	7.752745	0.012514
95	301.797000	729.850000	3.176811	7.682632	0.012972
96	308.561000	744.652000	3.214177	7.756792	0.012822
97	310.413000	749.522000	3.200134	7.727031	0.013701
98	316.758000	763.696000	3.232224	7.792816	0.012631
99	318.414000	768.054000	3.216303	7.758121	0.013207
100	324.411000	781.548000	3.244110	7.815480	0.013160
101	328.373000	790.730000	3.251218	7.829010	0.015184
102	332.036000	799.364000	3.255255	7.836902	0.014063
103	336.484000	809.846000	3.266835	7.862583	0.014333
104	341.326000	820.612000	3.281981	7.890500	0.013348
105	344.381000	827.966000	3.279819	7.885390	0.014505
106	351.012000	842.658000	3.311434	7.949604	0.013805
107	354.009000	850.256000	3.308495	7.946318	0.014337
108	357.637000	858.590000	3.311454	7.949907	0.015361
109	361.998000	868.440000	3.321083	7.967339	0.015849
110	365.862000	877.788000	3.326018	7.979891	0.014536
111	370.970000	889.426000	3.342072	8.012847	0.014010
112	373.327000	895.118000	3.333277	7.992125	0.015067
113	381.883000	913.720000	3.379496	8.086018	0.014683
114	386.558000	924.592000	3.390860	8.110456	0.014763
115	387.168000	927.124000	3.366678	8.061948	0.014611
116	390.973000	935.914000	3.370457	8.068224	0.015695
117	398.070000	951.350000	3.402308	8.131197	0.015950
118	402.406000	961.372000	3.410220	8.147220	0.016428
119	404.479000	966.894000	3.398983	8.125160	0.016204
120	411.106000	981.420000	3.425883	8.178500	0.016047
121	415.808000	992.526000	3.436430	8.202694	0.015865
122	417.684000	997.406000	3.423639	8.175459	0.016285
123	422.047000	1007.262000	3.431276	8.189122	0.016074
124	428.157000	1021.046000	3.452879	8.234242	0.016253
125	431.887000	1029.756000	3.455096	8.238048	0.015690
126	437.372000	1042.234000	3.471206	8.271698	0.017059
127	439.105000	1047.090000	3.457520	8.244803	0.015627
128	445.720000	1061.576000	3.482188	8.293562	0.015826
129	448.593000	1068.632000	3.477465	8.283969	0.016783
130	452.895000	1078.514000	3.483808	8.296262	0.016999
131	461.578000	1097.200000	3.523496	8.375573	0.018306
132	465.120000	1105.224000	3.523636	8.372909	0.017378
133	462.513000	1101.780000	3.477541	8.284060	0.016240
134	468.832000	1115.492000	3.498746	8.324567	0.017004
135	476.755000	1132.874000	3.531519	8.391659	0.017235
136	479.779000	1140.322000	3.527787	8.384721	0.016703
137	481.161000	1144.332000	3.512124	8.352788	0.017152
138	491.721000	1166.774000	3.563196	8.454884	0.019129
139	493.605000	1171.934000	3.551115	8.431180	0.018259
140	495.394000	1176.974000	3.538529	8.406957	0.019388
141	499.978000	1187.350000	3.545943	8.420922	0.018016
142	505.921000	1200.578000	3.562824	8.454775	0.016516
143	509.440000	1209.070000	3.562517	8.455035	0.019096
144	516.668000	1224.764000	3.587972	8.505306	0.018397
145	518.935000	1230.668000	3.578862	8.487366	0.017470
146	527.809000	1249.496000	3.615130	8.558192	0.017723
147	527.894000	1251.058000	3.591116	8.510599	0.019021
148	534.139000	1264.864000	3.609047	8.546378	0.018615
149	534.484000	1267.116000	3.587141	8.504134	0.019253
150	543.060000	1285.652000	3.620400	8.571013	0.019321
151	548.325000	1297.042000	3.631291	8.589682	0.020562
152	555.539000	1313.214000	3.654862	8.639566	0.019813
153	559.048000	1321.400000	3.653908	8.636601	0.019459
154	564.611000	1333.680000	3.666305	8.660260	0.020199
155	568.432000	1342.886000	3.667303	8.663781	0.019989
156	575.011000	1357.428000	3.685968	8.701462	0.019445
157	575.304000	1359.330000	3.664357	8.658153	0.019974
158	581.781000	1373.382000	3.682158	8.692291	0.019872
159	580.613000	1372.814000	3.651654	8.634050	0.019549
160	591.773000	1396.334000	3.698581	8.727087	0.019466
