1	0.000000	0.000000	0.000000	0.000000	0.003406
2	0.488500	2.977000	0.244250	1.488500	0.003439
3	1.341000	6.029800	0.447000	2.009933	0.003418
4	2.416000	9.495600	0.604000	2.373900	0.003461
5	3.704500	13.415000	0.740900	2.683000	0.003589
6	5.150600	17.618800	0.858433	2.936467	0.003536
7	6.751400	22.174600	0.964486	3.167800	0.003718
8	8.477200	26.964800	1.059650	3.370600	0.003768
9	10.272100	31.895600	1.141344	3.543956	0.003830
10	12.287900	37.247000	1.228790	3.724700	0.003921
11	14.329500	42.658600	1.302682	3.878055	0.003944
12	16.314700	47.955400	1.359558	3.996283	0.004041
13	18.638900	53.934800	1.433762	4.148831	0.004130
14	20.714200	59.432800	1.479586	4.245200	0.004199
15	23.069100	65.463000	1.537940	4.364200	0.004305
16	25.362500	71.394000	1.585156	4.462125	0.004316
17	28.047900	78.094800	1.649876	4.593812	0.004509
18	30.311600	83.952200	1.683978	4.664011	0.004628
19	33.149100	90.972800	1.744689	4.788042	0.004721
20	35.430600	96.860800	1.771530	4.843040	0.004796
21	38.159700	103.666200	1.817129	4.936486	0.004858
22	40.778000	110.211600	1.853545	5.009618	0.004935
23	43.595300	117.164800	1.895448	5.094122	0.004913
24	46.355900	124.053200	1.931496	5.168883	0.005101
25	49.254800	131.134800	1.970192	5.245392	0.005200
26	52.243000	138.483800	2.009346	5.326300	0.005232
27	55.096400	145.531400	2.040607	5.390052	0.005378
28	58.162200	152.993800	2.077221	5.464064	0.005580
29	60.942800	159.918800	2.101476	5.514441	0.005632
30	64.040000	167.417400	2.134667	5.580580	0.005633
31	66.758300	174.160600	2.153494	5.618084	0.005610
32	70.113900	182.196000	2.191059	5.693625	0.005938
33	73.305100	189.938200	2.221367	5.755703	0.005749
34	76.415900	197.516400	2.247526	5.809306	0.005761
35	79.330700	204.698600	2.266591	5.848531	0.005915
36	82.382700	212.099200	2.288408	5.891644	0.006003
37	86.009600	220.706600	2.324584	5.965043	0.006181
38	88.847000	227.713600	2.338079	5.992463	0.006225
39	92.286700	235.898800	2.366326	6.048687	0.006587
40	95.713900	244.091200	2.392848	6.102280	0.006514
41	98.856900	251.723000	2.411144	6.139585	0.006518
42	102.131400	259.625200	2.431700	6.181552	0.006798
43	105.537900	267.772000	2.454370	6.227256	0.006821
44	108.413200	274.784000	2.463936	6.245091	0.006921
45	112.233900	283.796000	2.494087	6.306578	0.007251
46	115.815800	292.340200	2.517735	6.355222	0.007488
47	119.011000	300.018000	2.532149	6.383362	0.007443
48	122.104800	307.532000	2.543850	6.406917	0.007556
49	125.966400	316.643000	2.570743	6.462102	0.007810
50	129.972700	325.965800	2.599454	6.519316	0.007643
51	133.556500	334.456000	2.618755	6.557961	0.007602
52	136.684400	342.031200	2.628546	6.577523	0.008256
53	140.445200	350.910200	2.649909	6.620947	0.008215
54	143.375300	358.098600	2.655098	6.631456	0.008483
55	147.074400	366.810400	2.674080	6.669280	0.008328
56	151.189800	376.412400	2.699818	6.721650	0.008531
57	153.990900	383.359000	2.701595	6.725596	0.008970
58	158.612200	393.942600	2.734693	6.792114	0.008435
59	162.144200	402.298000	2.748207	6.818610	0.009293
60	165.484300	410.352000	2.758072	6.839200	0.009008
61	169.192400	418.986400	2.773646	6.868630	0.009440
62	173.201800	428.481800	2.793577	6.910997	0.009484
63	176.432500	436.225400	2.800516	6.924213	0.009750
64	180.533500	445.754200	2.820836	6.964909	0.009892
65	183.844600	453.636600	2.828378	6.979025	0.009811
66	187.960700	463.271000	2.847889	7.019258	0.010003
67	191.479800	471.666400	2.857907	7.039797	0.009993
68	195.220700	480.445800	2.870893	7.065379	0.010140
69	199.531100	490.404000	2.891755	7.107304	0.010569
70	202.517800	497.620000	2.893111	7.108857	0.010073
71	207.008600	507.994400	2.915614	7.154851	0.009843
72	210.940800	517.215600	2.929733	7.183550	0.009929
73	214.297200	525.269200	2.935578	7.195468	0.010081
74	218.722800	535.487400	2.955714	7.236316	0.010233
75	223.148700	545.559400	2.975316	7.274125	0.010338
76	226.592600	553.882000	2.981482	7.287921	0.010342
77	230.117500	562.266200	2.988539	7.302158	0.010538
78	235.142000	573.587800	3.014641	7.353690	0.010099
79	238.920900	582.553400	3.024315	7.374094	0.010819
80	242.740800	591.458200	3.034260	7.393228	0.010680
81	246.644800	600.675400	3.044998	7.415746	0.011450
82	250.654100	609.939800	3.056757	7.438290	0.010808
83	254.196900	618.430400	3.062613	7.450969	0.011336
84	258.738600	628.798400	3.080221	7.485695	0.011226
85	262.743700	638.146000	3.091102	7.507600	0.010669
86	266.422000	646.786200	3.097930	7.520770	0.011004
87	270.236100	655.785200	3.106162	7.537761	0.011527
88	274.940800	666.553600	3.124327	7.574473	0.011565
89	278.066200	674.135000	3.124339	7.574551	0.011407
90	282.562800	684.443000	3.139587	7.604922	0.012168
91	287.113900	694.922600	3.155098	7.636512	0.011656
92	290.433900	702.866400	3.156890	7.639852	0.011668
93	295.317700	713.983600	3.175459	7.677243	0.011583
94	298.601900	721.900000	3.176616	7.679787	0.012019
95	303.306300	732.605400	3.192698	7.711636	0.012172
96	307.838100	743.022800	3.206647	7.739821	0.012225
97	310.971100	750.615800	3.205888	7.738307	0.012760
98	316.858200	763.774200	3.233247	7.793614	0.011806
99	319.038100	769.416800	3.222607	7.771887	0.012854
100	323.239000	779.131400	3.232390	7.791314	0.012866
101	329.055200	792.085600	3.257972	7.842432	0.013221
102	331.964600	799.274200	3.254555	7.836022	0.013919
103	336.767300	810.190000	3.269585	7.865922	0.014028
104	340.551100	819.166400	3.274530	7.876600	0.014149
105	346.015500	831.288800	3.295386	7.917036	0.014547
106	349.618500	839.942600	3.298288	7.923987	0.014698
107	353.902400	849.767800	3.307499	7.941755	0.014044
108	358.361900	860.065600	3.318166	7.963570	0.013484
109	362.567800	869.824800	3.326310	7.980044	0.015013
110	367.099900	880.251000	3.337272	8.002282	0.014983
111	371.020500	889.334000	3.342527	8.012018	0.014402
112	374.450300	897.574200	3.343306	8.014055	0.015514
113	379.107600	908.280800	3.354935	8.037883	0.015588
114	385.236100	921.827400	3.379264	8.086205	0.014726
115	387.569600	927.790000	3.370170	8.067739	0.015099
116	392.830700	939.731200	3.386472	8.101131	0.015890
117	397.849200	951.077200	3.400421	8.128865	0.015547
118	400.944500	958.466000	3.397835	8.122593	0.016055
119	405.000100	967.984400	3.403362	8.134323	0.016152
120	411.002600	981.360000	3.425022	8.178000	0.016310
121	413.236100	987.227000	3.415174	8.158901	0.015255
122	419.025100	1000.071000	3.434632	8.197303	0.015427
123	421.902600	1007.150800	3.430102	8.188218	0.016089
124	428.579200	1021.843600	3.456284	8.240674	0.016437
125	432.924100	1031.836400	3.463393	8.254691	0.016560
126	436.469900	1040.214200	3.464047	8.255668	0.016411
127	441.692000	1052.075400	3.477890	8.284058	0.016441
128	445.606000	1061.182400	3.481297	8.290487	0.015006
129	449.845000	1070.991600	3.487171	8.302260	0.017133
130	453.569500	1079.692600	3.488996	8.305328	0.017525
131	458.246900	1090.465800	3.498068	8.324166	0.016761
132	462.988300	1101.284600	3.507487	8.343065	0.015817
133	466.733800	1110.128200	3.509277	8.346829	0.016265
134	472.124100	1122.267600	3.523314	8.375131	0.016354
135	476.310400	1132.054400	3.528225	8.385588	0.016232
136	480.473200	1141.576400	3.532891	8.393944	0.017241
137	485.978200	1153.907800	3.547286	8.422685	0.017285
138	489.362800	1162.088200	3.546107	8.420929	0.018598
139	493.682900	1171.930800	3.551676	8.431157	0.017077
140	497.756100	1181.476800	3.555401	8.439120	0.016347
141	503.236900	1193.833400	3.569056	8.466904	0.016716
142	507.991100	1204.637800	3.577402	8.483365	0.017205
143	512.178000	1214.324000	3.581664	8.491776	0.016996
144	517.457100	1226.264200	3.593452	8.515724	0.016687
145	522.588200	1237.900400	3.604057	8.537244	0.017469
146	526.322400	1246.631800	3.604948	8.538574	0.016825
147	529.470200	1254.313200	3.601838	8.532743	0.017234
148	535.232900	1267.217800	3.616439	8.562282	0.017520
149	539.670300	1277.267600	3.621948	8.572266	0.017618
150	545.039600	1289.480800	3.633597	8.596539	0.017504
151	550.521200	1301.741000	3.645836	8.620801	0.018000
152	552.504500	1307.016200	3.634898	8.598791	0.017176
153	558.549800	1320.504600	3.650652	8.630749	0.017578
154	563.819300	1332.327000	3.661164	8.651474	0.017564
155	568.518600	1343.020400	3.667862	8.664648	0.019156
156	571.850400	1350.944000	3.665708	8.659897	0.018170
157	577.151600	1362.881800	3.676125	8.680776	0.018190
158	580.882300	1371.744600	3.676470	8.681928	0.019337
159	585.796300	1383.020600	3.684253	8.698243	0.018413
160	590.358300	1393.422800	3.689739	8.708893	0.019202
