1	0.000000	0.000000	0.000000	0.000000	0.000564
2	0.499870	2.999740	0.249935	1.499870	0.000557
3	1.332500	5.999060	0.444167	1.999687	0.000587
4	2.415920	9.494880	0.603980	2.373720	0.000628
5	3.703690	13.406300	0.740738	2.681260	0.000654
6	5.145330	17.621340	0.857555	2.936890	0.000689
7	6.749890	22.160500	0.964270	3.165786	0.000742
8	8.466160	26.932620	1.058270	3.366578	0.000804
9	10.286980	31.895740	1.142998	3.543971	0.000854
10	12.230150	37.127800	1.223015	3.712780	0.000916
11	14.245180	42.484180	1.295016	3.862198	0.000969
12	16.364150	48.060760	1.363679	4.005063	0.001017
13	18.565600	53.792480	1.428123	4.137883	0.001074
14	20.788490	59.584660	1.484892	4.256047	0.001127
15	23.075880	65.482920	1.538392	4.365528	0.001182
16	25.467830	71.599080	1.591739	4.474943	0.001252
17	27.905140	77.818800	1.641479	4.577576	0.001306
18	30.422390	84.179980	1.690133	4.676666	0.001354
19	32.928740	90.523340	1.733092	4.764386	0.001421
20	35.596220	97.190120	1.779811	4.859506	0.001479
21	38.168680	103.670240	1.817556	4.936678	0.001556
22	40.975200	110.615680	1.862509	5.027985	0.001611
23	43.630810	117.267940	1.896992	5.098606	0.001657
24	46.352490	124.048460	1.931354	5.168686	0.001726
25	49.263500	131.189800	1.970540	5.247592	0.001793
26	52.078190	138.160300	2.003007	5.313858	0.001860
27	54.922030	145.174660	2.034149	5.376839	0.001913
28	57.829660	152.327840	2.065345	5.440280	0.001997
29	60.959970	159.930960	2.102068	5.514861	0.002051
30	63.863400	167.059240	2.128780	5.568641	0.002124
31	66.875090	174.426500	2.157261	5.626661	0.002184
32	70.020260	182.041840	2.188133	5.688807	0.002266
33	73.103690	189.542120	2.215263	5.743701	0.002313
34	76.167050	197.017540	2.240207	5.794634	0.002394
35	79.346840	204.706780	2.267053	5.848765	0.002467
36	82.571760	212.482940	2.293660	5.902304	0.002529
37	85.766920	220.212320	2.318025	5.951684	0.002610
38	89.033820	228.074860	2.342995	6.001970	0.002673
39	92.287780	235.916300	2.366353	6.049136	0.002740
40	95.643230	243.958720	2.391081	6.098968	0.002847
41	98.934130	251.887340	2.413028	6.143594	0.002890
42	102.355810	260.051720	2.437043	6.191708	0.002968
43	105.619840	267.907700	2.456275	6.230412	0.003031
44	109.023330	276.056200	2.477803	6.274005	0.003113
45	112.196860	283.740580	2.493264	6.305346	0.003193
46	115.765860	292.209060	2.516649	6.352371	0.003244
47	119.171180	300.350360	2.535557	6.390433	0.003337
48	122.742330	308.822300	2.557132	6.433798	0.003403
49	126.295410	317.276660	2.577457	6.475034	0.003488
50	129.676840	325.362000	2.593537	6.507240	0.003550
51	133.077080	333.489380	2.609355	6.539007	0.003639
52	136.790960	342.266300	2.630595	6.582044	0.003690
53	140.417820	350.841500	2.649393	6.619651	0.003776
54	143.780230	358.896760	2.662597	6.646236	0.003852
55	147.544200	367.763300	2.682622	6.686605	0.003927
56	150.965440	375.931660	2.695811	6.713065	0.003990
57	154.674110	384.700460	2.713581	6.749131	0.004093
58	158.404140	393.479640	2.731106	6.784132	0.004141
59	161.898540	401.785900	2.744043	6.809931	0.004252
60	165.851850	411.038820	2.764197	6.850647	0.004342
61	169.462880	419.599020	2.778080	6.878672	0.004387
62	172.975810	427.962060	2.789932	6.902614	0.004460
63	176.665130	436.662660	2.804208	6.931153	0.004545
64	180.388700	445.444860	2.818573	6.960076	0.004628
65	184.227130	454.488740	2.834264	6.992134	0.004683
66	188.134020	463.610680	2.850515	7.024404	0.004774
67	191.783090	472.223220	2.862434	7.048108	0.004850
68	195.614800	481.258140	2.876688	7.077326	0.004928
69	199.402030	490.159180	2.889884	7.103756	0.005026
70	203.251040	499.151820	2.903586	7.130740	0.005075
71	207.190900	508.413380	2.918182	7.160752	0.005198
72	211.098660	517.555560	2.931926	7.188272	0.005248
73	214.952240	526.576020	2.944551	7.213370	0.005318
74	218.504730	535.040060	2.952767	7.230271	0.005408
75	222.726730	544.788760	2.969690	7.263850	0.005510
76	226.548430	553.743520	2.980900	7.286099	0.005584
77	230.549430	563.108600	2.994148	7.313099	0.005755
78	234.318040	571.995120	3.004077	7.333271	0.005773
79	237.860240	580.401740	3.010889	7.346857	0.005859
80	242.236180	590.484740	3.027952	7.381059	0.005931
81	246.409080	600.164620	3.042087	7.409440	0.006011
82	250.263360	609.203200	3.051992	7.429307	0.006106
83	254.361310	618.747420	3.064594	7.454788	0.006167
84	258.149100	627.636540	3.073204	7.471864	0.006242
85	262.556020	637.793920	3.088894	7.503458	0.006337
86	266.271760	646.543640	3.096183	7.517949	0.006403
87	270.232350	655.802240	3.106119	7.537957	0.006472
88	274.468190	665.619440	3.118957	7.563857	0.006562
89	278.922350	675.840660	3.133959	7.593715	0.006649
90	282.529170	684.427160	3.139213	7.604746	0.006717
91	286.949920	694.584140	3.153296	7.632793	0.006800
92	290.779300	703.532720	3.160645	7.647095	0.006880
93	294.927230	713.192340	3.171261	7.668735	0.006959
94	298.865430	722.411540	3.179419	7.685229	0.007069
95	303.076670	732.170220	3.190281	7.707055	0.007132
96	307.365060	742.067280	3.201719	7.729867	0.007230
97	311.162220	750.975500	3.207858	7.742015	0.007309
98	315.801440	761.590920	3.222464	7.771336	0.007375
99	319.817730	770.959540	3.230482	7.787470	0.007467
100	324.299630	781.276760	3.242996	7.812768	0.007570
101	328.468260	790.968620	3.252161	7.831372	0.007639
102	332.219620	799.788760	3.257055	7.841066	0.007736
103	336.466060	809.605400	3.266661	7.860247	0.007824
104	341.203300	820.396760	3.280801	7.888430	0.007910
105	345.069880	829.504320	3.286380	7.900041	0.008000
106	349.519100	839.719700	3.297350	7.921884	0.008068
107	353.731550	849.457720	3.305902	7.938857	0.008168
108	357.880820	859.096840	3.313711	7.954600	0.008239
109	361.809960	868.288140	3.319357	7.965946	0.008338
110	366.667390	879.342740	3.333340	7.994025	0.008410
111	371.026100	889.394400	3.342577	8.012562	0.008494
112	374.990440	898.650020	3.348129	8.023661	0.008628
113	379.475400	908.965340	3.358189	8.043941	0.008958
114	383.112810	917.550240	3.360639	8.048686	0.008774
115	388.006250	928.686800	3.373967	8.075537	0.008867
116	392.176750	938.347820	3.380834	8.089205	0.008955
117	396.482620	948.322580	3.388740	8.105321	0.009050
118	401.378950	959.415320	3.401517	8.130638	0.009143
119	405.347630	968.711020	3.406283	8.140429	0.009271
120	409.864800	979.045820	3.415540	8.158715	0.009544
121	413.925700	988.538520	3.420874	8.169740	0.009657
122	418.871730	999.764720	3.433375	8.194793	0.009547
123	422.637300	1008.598580	3.436076	8.199988	0.009560
124	427.572150	1019.842880	3.448163	8.224539	0.009629
125	431.616210	1029.256280	3.452930	8.234050	0.009741
126	436.036300	1039.407660	3.460606	8.249267	0.009837
127	440.480960	1049.617160	3.468354	8.264702	0.009909
128	445.137530	1060.279080	3.477637	8.283430	0.009978
129	449.467560	1070.292860	3.484245	8.296844	0.010072
130	453.881830	1080.437140	3.491399	8.311055	0.010169
131	458.270470	1090.548600	3.498248	8.324798	0.010254
132	463.134670	1101.611860	3.508596	8.345544	0.010345
133	467.150110	1110.946260	3.512407	8.352979	0.010447
134	471.755400	1121.531240	3.520563	8.369636	0.010542
135	476.472920	1132.253240	3.529429	8.387061	0.010624
136	481.085700	1142.825700	3.537395	8.403130	0.010710
137	485.245930	1152.485840	3.541941	8.412305	0.010790
138	489.884900	1163.094100	3.549891	8.428218	0.010878
139	493.882220	1172.473800	3.553109	8.435063	0.010984
140	499.144240	1184.292160	3.565316	8.459230	0.011071
