1	0.000000	0.000000	0.000000	0.000000	0.004149
2	1.000000	1.004000	0.500000	0.502000	0.003317
3	2.685000	3.006000	0.895000	1.002000	0.003341
4	4.896000	5.898000	1.224000	1.474500	0.003341
5	7.714000	10.024000	1.542800	2.004800	0.003429
6	11.052000	15.056000	1.842000	2.509333	0.003483
7	14.972000	21.144000	2.138857	3.020571	0.003461
8	19.385000	28.292000	2.423125	3.536500	0.003591
9	24.109000	35.830000	2.678778	3.981111	0.003740
10	29.690000	45.124000	2.969000	4.512400	0.003785
11	35.347000	54.726000	3.213364	4.975091	0.003758
12	42.063000	66.380000	3.505250	5.531667	0.003818
13	48.553000	77.488000	3.734846	5.960615	0.003984
14	56.851000	92.308000	4.060786	6.593429	0.004053
15	64.498000	105.808000	4.299867	7.053867	0.004062
16	72.467000	119.800000	4.529187	7.487500	0.004291
17	81.694000	136.180000	4.805529	8.010588	0.004384
18	91.277000	153.450000	5.070944	8.525000	0.004420
19	100.058000	169.258000	5.266211	8.908316	0.004646
20	111.822000	191.006000	5.591100	9.550300	0.004749
21	122.509000	210.224000	5.833762	10.010667	0.004813
22	134.331000	232.050000	6.105955	10.547727	0.005094
23	145.555000	252.612000	6.328478	10.983130	0.005075
24	157.990000	275.686000	6.582917	11.486917	0.005260
25	171.166000	300.116000	6.846640	12.004640	0.005194
26	185.185000	326.078000	7.122500	12.541462	0.005341
27	199.880000	353.576000	7.402963	13.095407	0.005536
28	213.996000	379.998000	7.642714	13.571357	0.005591
29	229.902000	409.896000	7.927655	14.134345	0.005708
30	244.702000	437.458000	8.156733	14.581933	0.005900
31	257.246000	460.466000	8.298258	14.853742	0.005902
32	276.607000	497.222000	8.643969	15.538188	0.006743
33	293.368000	529.082000	8.889939	16.032788	0.006630
34	312.406000	565.030000	9.188412	16.618529	0.006968
35	328.691000	595.714000	9.391171	17.020400	0.006823
36	344.972000	626.304000	9.582556	17.397333	0.007404
37	366.524000	667.622000	9.906054	18.043838	0.007756
38	385.645000	703.858000	10.148553	18.522579	0.007800
39	404.121000	738.776000	10.362077	18.942974	0.007751
40	425.083000	778.638000	10.627075	19.465950	0.007818
41	447.185000	820.980000	10.906951	20.023902	0.008071
42	470.472000	865.664000	11.201714	20.611048	0.008849
43	490.083000	902.874000	11.397279	20.997070	0.008593
44	512.751000	946.196000	11.653432	21.504455	0.009903
45	535.417000	989.656000	11.898156	21.992356	0.009907
46	559.354000	1035.382000	12.159870	22.508304	0.009618
47	581.614000	1077.908000	12.374766	22.934213	0.008579
48	608.755000	1130.500000	12.682396	23.552083	0.009695
49	628.393000	1167.732000	12.824347	23.831265	0.010665
50	661.850000	1232.546000	13.237000	24.650920	0.010019
51	685.818000	1278.638000	13.447412	25.071333	0.009670
52	710.798000	1326.710000	13.669192	25.513654	0.011170
53	734.309000	1371.780000	13.854887	25.882642	0.010159
54	767.059000	1435.374000	14.204796	26.581000	0.012919
55	792.696000	1484.574000	14.412655	26.992255	0.011299
56	822.404000	1542.102000	14.685786	27.537536	0.009774
57	851.464000	1598.184000	14.937965	28.038316	0.013314
58	879.059000	1651.300000	15.156190	28.470690	0.009731
59	909.715000	1710.682000	15.418898	28.994610	0.010428
60	939.284000	1767.906000	15.654733	29.465100	0.012783
61	973.343000	1834.112000	15.956443	30.067410	0.011879
62	1003.456000	1892.398000	16.184774	30.522548	0.013155
63	1036.816000	1957.088000	16.457397	31.064889	0.012556
64	1072.235000	2025.982000	16.753672	31.655969	0.015976
65	1099.730000	2079.040000	16.918923	31.985231	0.013533
66	1130.494000	2138.464000	17.128697	32.400970	0.011729
67	1167.654000	2210.832000	17.427672	32.997493	0.011393
68	1202.032000	2277.742000	17.676941	33.496206	0.014121
69	1243.108000	2357.888000	18.016058	34.172290	0.014967
70	1262.918000	2395.478000	18.041686	34.221114	0.017846
71	1313.024000	2493.750000	18.493296	35.123239	0.016853
72	1348.432000	2562.668000	18.728222	35.592611	0.018187
73	1384.710000	2633.446000	18.968630	36.074603	0.019215
74	1423.809000	2709.266000	19.240662	36.611703	0.019819
75	1455.971000	2771.846000	19.412947	36.957947	0.017224
76	1492.755000	2843.602000	19.641513	37.415816	0.021083
77	1534.805000	2925.622000	19.932532	37.995091	0.017770
78	1573.015000	2999.868000	20.166859	38.459846	0.014327
79	1617.878000	3087.878000	20.479468	39.087063	0.018600
80	1653.814000	3157.588000	20.672675	39.469850	0.021854
81	1690.872000	3229.876000	20.874963	39.875012	0.021904
82	1730.976000	3307.752000	21.109463	40.338439	0.022516
83	1783.135000	3410.124000	21.483554	41.085831	0.022983
84	1820.221000	3482.550000	21.669298	41.458929	0.023825
85	1857.779000	3555.602000	21.856224	41.830612	0.023281
86	1915.140000	3668.532000	22.269070	42.657349	0.022581
87	1956.827000	3749.726000	22.492264	43.100299	0.018480
88	1997.924000	3830.228000	22.703682	43.525318	0.023159
89	2034.974000	3902.214000	22.864876	43.845101	0.024223
90	2087.345000	4004.830000	23.192722	44.498111	0.019265
91	2137.519000	4103.252000	23.489220	45.090681	0.022011
92	2170.585000	4167.500000	23.593315	45.298913	0.025926
93	2216.560000	4257.290000	23.833978	45.777312	0.024441
94	2276.121000	4374.582000	24.214053	46.538106	0.019473
95	2323.576000	4467.312000	24.458695	47.024337	0.019200
96	2367.196000	4552.574000	24.658292	47.422646	0.026930
97	2414.670000	4645.528000	24.893505	47.892041	0.024452
98	2476.105000	4766.378000	25.266378	48.636510	0.022891
99	2514.282000	4840.802000	25.396788	48.896990	0.028561
100	2564.108000	4938.564000	25.641080	49.385640	0.023163
101	2626.568000	5061.546000	26.005624	50.114317	0.028391
102	2670.918000	5148.280000	26.185471	50.473333	0.025502
103	2731.450000	5267.256000	26.518932	51.138408	0.028500
104	2773.641000	5349.798000	26.669625	51.440365	0.028338
105	2835.069000	5470.566000	27.000657	52.100629	0.030928
106	2884.683000	5567.954000	27.213991	52.527868	0.027935
107	2936.574000	5669.596000	27.444617	52.986879	0.028022
108	3000.434000	5795.398000	27.781796	53.661093	0.022302
109	3046.650000	5886.010000	27.950917	54.000092	0.033041
110	3096.333000	5983.300000	28.148482	54.393636	0.032956
111	3155.973000	6100.600000	28.432189	54.960360	0.027384
112	3216.846000	6220.416000	28.721839	55.539429	0.024683
113	3267.486000	6319.616000	28.915805	55.925805	0.025145
114	3326.842000	6436.534000	29.182825	56.460825	0.026221
115	3378.540000	6537.758000	29.378609	56.850070	0.030082
116	3440.345000	6659.310000	29.658147	57.407845	0.028315
117	3515.774000	6808.432000	30.049350	58.191726	0.034341
118	3561.087000	6896.728000	30.178703	58.446847	0.030214
119	3629.826000	7032.424000	30.502739	59.096000	0.026791
120	3689.175000	7149.022000	30.743125	59.575183	0.028461
121	3745.473000	7259.672000	30.954322	59.997289	0.026699
122	3801.116000	7368.962000	31.156689	60.401328	0.026926
123	3869.499000	7503.934000	31.459341	61.007593	0.027370
124	3924.638000	7612.248000	31.650306	61.389097	0.027907
125	4012.096000	7784.894000	32.096768	62.279152	0.030709
126	4055.952000	7870.588000	32.190095	62.464984	0.029730
127	4125.953000	8008.882000	32.487819	63.062063	0.036306
128	4186.446000	8127.636000	32.706609	63.497156	0.029256
129	4257.454000	8267.996000	33.003519	64.092992	0.038413
130	4302.625000	8356.152000	33.097115	64.278092	0.036055
131	4370.990000	8491.120000	33.366336	64.817710	0.030267
132	4460.433000	8667.902000	33.791159	65.665924	0.030882
133	4521.646000	8788.274000	33.997338	66.077248	0.032453
134	4597.418000	8938.008000	34.309090	66.701552	0.032612
135	4665.363000	9071.740000	34.558244	67.198074	0.032049
136	4722.454000	9183.822000	34.723926	67.528103	0.033771
137	4783.162000	9303.302000	34.913591	67.907314	0.032812
138	4846.183000	9427.636000	35.117268	68.316203	0.036354
139	4938.735000	9610.742000	35.530468	69.142029	0.033582
140	4994.791000	9720.850000	35.677079	69.434643	0.038105
141	5071.031000	9871.312000	35.964759	70.009305	0.034977
142	5150.036000	10027.088000	36.267859	70.613296	0.035344
143	5208.395000	10142.080000	36.422343	70.923636	0.043331
144	5292.547000	10308.290000	36.753799	71.585347	0.044367
145	5348.119000	10417.292000	36.883579	71.843393	0.044766
146	5413.815000	10546.870000	37.080925	72.238836	0.045522
147	5516.893000	10750.810000	37.529884	73.134762	0.037163
148	5572.981000	10861.330000	37.655277	73.387365	0.037684
149	5663.116000	11039.552000	38.007490	74.090953	0.038265
150	5728.492000	11168.178000	38.189947	74.454520	0.038379
151	5797.034000	11303.204000	38.390954	74.855656	0.043769
152	5899.128000	11505.288000	38.810053	75.692684	0.044923
153	5958.325000	11621.706000	38.943301	75.958863	0.048694
154	6042.773000	11788.790000	39.238786	76.550584	0.040450
155	6112.491000	11926.348000	39.435426	76.944181	0.040774
156	6180.116000	12059.554000	39.616128	77.304833	0.041539
157	6285.619000	12268.726000	40.035790	78.144752	0.047669
158	6352.646000	12400.594000	40.206620	78.484772	0.042004
159	6452.655000	12598.756000	40.582736	79.237459	0.043984
160	6505.762000	12702.786000	40.661012	79.392413	0.047472
161	6607.859000	12905.164000	41.042602	80.156298	0.043864
162	6674.471000	13036.300000	41.200438	80.470988	0.043869
163	6770.204000	13225.836000	41.534994	81.140098	0.044881
164	6842.062000	13367.526000	41.719890	81.509305	0.045464
165	6927.559000	13536.400000	41.985206	82.038788	0.045883
166	7015.345000	13710.354000	42.261114	82.592494	0.046408
167	7098.197000	13873.860000	42.504174	83.077006	0.046508
168	7172.105000	14019.438000	42.691101	83.449036	0.047712
169	7251.460000	14176.006000	42.908047	83.881692	0.047717
170	7356.520000	14384.394000	43.273647	84.614082	0.050474
171	7440.922000	14551.192000	43.514164	85.094690	0.059106
172	7533.198000	14734.040000	43.797663	85.663023	0.057121
173	7606.646000	14878.958000	43.969052	86.005538	0.057996
174	7693.773000	15051.106000	44.217086	86.500609	0.057116
175	7786.326000	15234.066000	44.493291	87.051806	0.050231
176	7869.998000	15399.672000	44.715898	87.498136	0.050551
177	7949.423000	15556.308000	44.911994	87.888746	0.051165
178	8057.027000	15769.806000	45.264197	88.594416	0.052077
179	8125.074000	15903.636000	45.391475	88.847128	0.053953
180	8238.362000	16128.716000	45.768678	89.603978	0.064151
181	8343.752000	16337.046000	46.098077	90.259923	0.054885
182	8406.024000	16459.550000	46.186945	90.437088	0.054475
183	8490.685000	16627.100000	46.397186	90.858470	0.056509
184	8588.382000	16820.542000	46.675989	91.415989	0.062116
185	8690.326000	17022.390000	46.974735	92.012919	0.056178
186	8788.698000	17217.106000	47.251065	92.565086	0.057198
187	8873.033000	17383.674000	47.449374	92.960824	0.056869
188	8966.337000	17568.250000	47.693282	93.448138	0.057331
189	9074.741000	17783.054000	48.014503	94.090233	0.062555
190	9142.676000	17916.868000	48.119347	94.299305	0.070304
191	9243.993000	18117.738000	48.397869	94.857267	0.068736
192	9359.211000	18346.104000	48.745891	95.552625	0.061349
193	9457.158000	18539.818000	49.000819	96.061233	0.066306
194	9535.381000	18694.430000	49.151448	96.363041	0.062360
195	9623.698000	18869.210000	49.352297	96.765179	0.066614
196	9746.053000	19112.004000	49.724760	97.510224	0.065052
197	9841.791000	19301.254000	49.958330	97.975909	0.065554
198	9929.884000	19475.626000	50.150929	98.361747	0.066768
199	10046.122000	19706.128000	50.483025	99.025769	0.065449
200	10118.195000	19848.378000	50.590975	99.241890	0.067443
