1	0.000000	0.000000	0.000000	0.000000	0.003908
2	1.000000	2.000000	0.500000	1.000000	0.003429
3	2.664000	5.000000	0.888000	1.666667	0.003642
4	4.663000	8.000000	1.165750	2.000000	0.003750
5	7.162000	12.000000	1.432400	2.400000	0.004030
6	9.894000	16.000000	1.649000	2.666667	0.004085
7	12.767000	20.000000	1.823857	2.857143	0.004012
8	15.778000	24.000000	1.972250	3.000000	0.004504
9	19.134000	29.000000	2.126000	3.222222	0.004374
10	22.613000	34.000000	2.261300	3.400000	0.004821
11	26.243000	39.000000	2.385727	3.545455	0.004840
12	29.960000	44.000000	2.496667	3.666667	0.005097
13	33.790000	49.000000	2.599231	3.769231	0.004992
14	37.760000	54.000000	2.697143	3.857143	0.005309
15	41.632000	59.000000	2.775467	3.933333	0.005443
16	45.682000	64.000000	2.855125	4.000000	0.005502
17	50.156000	70.000000	2.950353	4.117647	0.005842
18	54.429000	76.000000	3.023833	4.222222	0.005805
19	58.910000	82.000000	3.100526	4.315789	0.006155
20	63.487000	88.000000	3.174350	4.400000	0.005893
21	68.138000	94.000000	3.244667	4.476190	0.006280
22	72.798000	100.000000	3.309000	4.545455	0.006202
23	77.330000	106.000000	3.362174	4.608696	0.006743
24	81.999000	112.000000	3.416625	4.666667	0.007011
25	86.834000	118.000000	3.473360	4.720000	0.007220
26	91.684000	124.000000	3.526308	4.769231	0.007104
27	96.681000	130.000000	3.580778	4.814815	0.007543
28	101.650000	136.000000	3.630357	4.857143	0.007920
29	106.556000	142.000000	3.674345	4.896552	0.008002
30	111.528000	148.000000	3.717600	4.933333	0.008385
31	116.406000	154.000000	3.755032	4.967742	0.007955
32	121.600000	160.000000	3.800000	5.000000	0.008074
33	126.843000	167.000000	3.843727	5.060606	0.008869
34	132.357000	174.000000	3.892853	5.117647	0.007504
35	137.729000	181.000000	3.935114	5.171429	0.007527
36	143.174000	188.000000	3.977056	5.222222	0.008342
37	148.630000	195.000000	4.017027	5.270270	0.008496
38	154.071000	202.000000	4.054500	5.315789	0.009990
39	159.438000	209.000000	4.088154	5.358974	0.009907
40	165.121000	216.000000	4.128025	5.400000	0.009458
41	170.622000	223.000000	4.161512	5.439024	0.009825
42	176.384000	230.000000	4.199619	5.476190	0.010173
43	181.995000	237.000000	4.232442	5.511628	0.009561
44	187.573000	244.000000	4.263023	5.545455	0.009516
45	193.173000	251.000000	4.292733	5.577778	0.010587
46	198.866000	258.000000	4.323174	5.608696	0.009828
47	204.728000	265.000000	4.355915	5.638298	0.010885
48	210.348000	272.000000	4.382250	5.666667	0.010753
49	216.030000	279.000000	4.408776	5.693878	0.011667
50	221.875000	286.000000	4.437500	5.720000	0.011874
51	227.843000	293.000000	4.467510	5.745098	0.010751
52	233.756000	300.000000	4.495308	5.769231	0.011387
53	239.812000	307.000000	4.524755	5.792453	0.012585
54	245.420000	314.000000	4.544815	5.814815	0.011467
55	251.189000	321.000000	4.567073	5.836364	0.010049
56	257.242000	328.000000	4.593607	5.857143	0.009851
57	263.285000	335.000000	4.619035	5.877193	0.012696
58	269.090000	342.000000	4.639483	5.896552	0.013918
59	274.979000	349.000000	4.660661	5.915254	0.013294
60	281.021000	356.000000	4.683683	5.933333	0.013549
61	286.941000	363.000000	4.703951	5.950820	0.012791
62	293.250000	370.000000	4.729839	5.967742	0.012646
63	299.099000	377.000000	4.747603	5.984127	0.012664
64	305.119000	384.000000	4.767484	6.000000	0.013216
65	311.250000	392.000000	4.788462	6.030769	0.012153
66	317.640000	400.000000	4.812727	6.060606	0.012403
67	324.365000	408.000000	4.841269	6.089552	0.012890
68	330.673000	416.000000	4.862838	6.117647	0.013471
69	337.005000	424.000000	4.884130	6.144928	0.014938
70	343.433000	432.000000	4.906186	6.171429	0.012107
71	350.105000	440.000000	4.931056	6.197183	0.013630
72	356.332000	448.000000	4.949056	6.222222	0.016730
73	362.890000	456.000000	4.971096	6.246575	0.016281
74	369.437000	464.000000	4.992392	6.270270	0.015952
75	376.030000	472.000000	5.013733	6.293333	0.016464
76	382.433000	480.000000	5.032013	6.315789	0.014867
77	388.685000	488.000000	5.047857	6.337662	0.015870
78	395.334000	496.000000	5.068385	6.358974	0.015339
79	401.920000	504.000000	5.087595	6.379747	0.016479
80	408.202000	512.000000	5.102525	6.400000	0.017955
81	414.632000	520.000000	5.118914	6.419753	0.016958
82	421.604000	528.000000	5.141512	6.439024	0.018424
83	428.372000	536.000000	5.161108	6.457831	0.014007
84	434.889000	544.000000	5.177250	6.476190	0.013850
85	441.383000	552.000000	5.192741	6.494118	0.013991
86	447.897000	560.000000	5.208105	6.511628	0.014850
87	454.740000	568.000000	5.226897	6.528736	0.017547
88	460.957000	576.000000	5.238148	6.545455	0.018804
89	467.698000	584.000000	5.255034	6.561798	0.019536
90	474.807000	592.000000	5.275633	6.577778	0.018500
91	481.304000	600.000000	5.289055	6.593407	0.019019
92	487.907000	608.000000	5.303337	6.608696	0.017161
93	494.199000	616.000000	5.313968	6.623656	0.017261
94	501.161000	624.000000	5.331500	6.638298	0.020091
95	507.831000	632.000000	5.345589	6.652632	0.020092
96	514.444000	640.000000	5.358792	6.666667	0.019679
97	521.765000	648.000000	5.379021	6.680412	0.015642
98	528.085000	656.000000	5.388622	6.693878	0.017946
99	534.844000	664.000000	5.402465	6.707071	0.020966
100	541.964000	672.000000	5.419640	6.720000	0.019931
101	548.828000	680.000000	5.433941	6.732673	0.020005
102	555.359000	688.000000	5.444696	6.745098	0.016923
103	562.176000	696.000000	5.458019	6.757282	0.020231
104	569.452000	704.000000	5.475500	6.769231	0.019394
105	575.890000	712.000000	5.484667	6.780952	0.018216
106	582.839000	720.000000	5.498481	6.792453	0.017993
107	590.260000	728.000000	5.516449	6.803738	0.018046
108	596.759000	736.000000	5.525546	6.814815	0.017060
109	603.429000	744.000000	5.536046	6.825688	0.022100
110	610.497000	752.000000	5.549973	6.836364	0.018534
111	617.248000	760.000000	5.560793	6.846847	0.017417
112	624.492000	768.000000	5.575821	6.857143	0.017267
113	631.465000	776.000000	5.588186	6.867257	0.020485
114	638.207000	784.000000	5.598307	6.877193	0.020727
115	645.206000	792.000000	5.610487	6.886957	0.018402
116	652.226000	800.000000	5.622638	6.896552	0.019357
117	659.261000	808.000000	5.634709	6.905983	0.021041
118	666.240000	816.000000	5.646102	6.915254	0.018372
119	673.252000	824.000000	5.657580	6.924370	0.022233
120	680.153000	832.000000	5.667942	6.933333	0.018718
121	687.411000	840.000000	5.681083	6.942149	0.019444
122	693.853000	848.000000	5.687320	6.950820	0.019357
123	700.971000	856.000000	5.698951	6.959350	0.020892
124	708.042000	864.000000	5.710016	6.967742	0.018952
125	715.129000	872.000000	5.721032	6.976000	0.019806
126	722.119000	880.000000	5.731103	6.984127	0.020970
127	729.133000	888.000000	5.741205	6.992126	0.020775
128	735.810000	896.000000	5.748516	7.000000	0.021321
129	743.462000	905.000000	5.763271	7.015504	0.019590
130	750.613000	914.000000	5.773946	7.030769	0.025283
131	758.527000	923.000000	5.790282	7.045802	0.021530
132	765.544000	932.000000	5.799576	7.060606	0.025894
133	773.329000	941.000000	5.814504	7.075188	0.020558
134	780.495000	950.000000	5.824590	7.089552	0.020223
135	787.921000	959.000000	5.836452	7.103704	0.020702
136	795.608000	968.000000	5.850059	7.117647	0.022748
137	803.023000	977.000000	5.861482	7.131387	0.024287
138	810.276000	986.000000	5.871565	7.144928	0.022689
139	817.963000	995.000000	5.884626	7.158273	0.021448
140	825.151000	1004.000000	5.893936	7.171429	0.023300
141	832.604000	1013.000000	5.904993	7.184397	0.024726
142	840.048000	1022.000000	5.915831	7.197183	0.021610
143	847.352000	1031.000000	5.925538	7.209790	0.021709
144	855.041000	1040.000000	5.937785	7.222222	0.021497
145	862.251000	1049.000000	5.946559	7.234483	0.024453
146	870.027000	1058.000000	5.959089	7.246575	0.021863
147	876.888000	1067.000000	5.965224	7.258503	0.022551
148	884.087000	1076.000000	5.973561	7.270270	0.022089
149	892.606000	1085.000000	5.990644	7.281879	0.022300
150	900.168000	1094.000000	6.001120	7.293333	0.026256
151	907.572000	1103.000000	6.010411	7.304636	0.022404
152	914.643000	1112.000000	6.017388	7.315789	0.022521
153	922.385000	1121.000000	6.028660	7.326797	0.022886
154	929.784000	1130.000000	6.037558	7.337662	0.023375
155	937.322000	1139.000000	6.047239	7.348387	0.024609
156	944.608000	1148.000000	6.055179	7.358974	0.026675
157	952.077000	1157.000000	6.064185	7.369427	0.023280
158	960.092000	1166.000000	6.076532	7.379747	0.024085
159	966.610000	1175.000000	6.079308	7.389937	0.024696
160	975.201000	1184.000000	6.095006	7.400000	0.023612
161	982.492000	1193.000000	6.102435	7.409938	0.023827
162	990.079000	1202.000000	6.111599	7.419753	0.024030
163	997.465000	1211.000000	6.119417	7.429448	0.024290
164	1005.424000	1220.000000	6.130634	7.439024	0.025690
165	1012.519000	1229.000000	6.136479	7.448485	0.024606
166	1020.084000	1238.000000	6.145084	7.457831	0.024637
167	1027.977000	1247.000000	6.155551	7.467066	0.024844
168	1035.762000	1256.000000	6.165250	7.476190	0.025303
169	1043.089000	1265.000000	6.172124	7.485207	0.025053
170	1050.839000	1274.000000	6.181406	7.494118	0.025179
171	1058.310000	1283.000000	6.188947	7.502924	0.025071
172	1066.193000	1292.000000	6.198797	7.511628	0.028428
173	1073.413000	1301.000000	6.204699	7.520231	0.025712
174	1082.003000	1310.000000	6.218408	7.528736	0.025542
175	1088.628000	1319.000000	6.220731	7.537143	0.025472
176	1096.113000	1328.000000	6.227915	7.545455	0.025562
177	1103.962000	1337.000000	6.237073	7.553672	0.025926
178	1111.860000	1346.000000	6.246404	7.561798	0.027301
179	1119.566000	1355.000000	6.254559	7.569832	0.026758
180	1126.902000	1364.000000	6.260567	7.577778	0.028036
181	1134.475000	1373.000000	6.267818	7.585635	0.028558
182	1142.552000	1382.000000	6.277758	7.593407	0.029030
183	1149.532000	1391.000000	6.281596	7.601093	0.029724
184	1157.446000	1400.000000	6.290467	7.608696	0.028832
185	1164.935000	1409.000000	6.296946	7.616216	0.029838
186	1173.108000	1418.000000	6.307032	7.623656	0.034131
187	1180.383000	1427.000000	6.312209	7.631016	0.033325
188	1188.253000	1436.000000	6.320495	7.638298	0.033217
189	1196.125000	1445.000000	6.328704	7.645503	0.027896
190	1203.712000	1454.000000	6.335326	7.652632	0.032976
191	1211.705000	1463.000000	6.344005	7.659686	0.034338
192	1219.020000	1472.000000	6.349063	7.666667	0.030118
193	1226.892000	1481.000000	6.356953	7.673575	0.033069
194	1234.539000	1490.000000	6.363603	7.680412	0.028361
195	1242.960000	1499.000000	6.374154	7.687179	0.033414
196	1250.879000	1508.000000	6.382036	7.693878	0.029043
197	1258.483000	1517.000000	6.388239	7.700508	0.033638
198	1266.085000	1526.000000	6.394369	7.707071	0.035923
199	1274.021000	1535.000000	6.402116	7.713568	0.033942
200	1281.887000	1544.000000	6.409435	7.720000	0.036604
