1	0.000000	0.000000	0.000000	0.000000	0.003912
2	0.498000	2.996000	0.249000	1.498000	0.003266
3	1.298000	5.898000	0.432667	1.966000	0.003462
4	2.421000	9.464000	0.605250	2.366000	0.003478
5	3.765000	13.524000	0.753000	2.704800	0.003655
6	5.137000	17.596000	0.856167	2.932667	0.003624
7	6.777000	22.172000	0.968143	3.167429	0.003623
8	8.363000	26.798000	1.045375	3.349750	0.003765
9	10.420000	32.106000	1.157778	3.567333	0.003833
10	12.133000	36.912000	1.213300	3.691200	0.003916
11	14.669000	43.398000	1.333545	3.945273	0.004030
12	16.351000	48.036000	1.362583	4.003000	0.004160
13	18.741000	54.230000	1.441615	4.171538	0.003981
14	20.476000	58.994000	1.462571	4.213857	0.004193
15	23.105000	65.576000	1.540333	4.371733	0.004430
16	25.424000	71.674000	1.589000	4.479625	0.004261
17	27.969000	77.928000	1.645235	4.584000	0.004617
18	30.775000	84.888000	1.709722	4.716000	0.004568
19	32.994000	90.656000	1.736526	4.771368	0.004618
20	35.841000	97.704000	1.792050	4.885200	0.004881
21	38.580000	104.594000	1.837143	4.980667	0.004962
22	40.549000	109.696000	1.843136	4.986182	0.005127
23	44.070000	118.232000	1.916087	5.140522	0.005077
24	46.317000	123.902000	1.929875	5.162583	0.005266
25	48.602000	129.738000	1.944080	5.189520	0.005258
26	52.288000	138.608000	2.011077	5.331077	0.005503
27	55.271000	145.834000	2.047074	5.401259	0.005520
28	58.519000	153.680000	2.089964	5.488571	0.005594
29	61.110000	160.174000	2.107241	5.523241	0.005617
30	63.470000	166.338000	2.115667	5.544600	0.005391
31	66.238000	173.186000	2.136710	5.586645	0.005573
32	69.107000	180.138000	2.159594	5.629312	0.005894
33	72.822000	189.016000	2.206727	5.727758	0.005974
34	75.657000	196.036000	2.225206	5.765765	0.005827
35	78.332000	202.694000	2.238057	5.791257	0.006288
36	82.187000	211.648000	2.282972	5.879111	0.005963
37	85.500000	219.558000	2.310811	5.934000	0.006116
38	87.713000	225.424000	2.308237	5.932211	0.006492
39	91.263000	233.880000	2.340077	5.996923	0.006219
40	94.412000	241.680000	2.360300	6.042000	0.006176
41	98.527000	250.994000	2.403098	6.121805	0.006137
42	101.957000	259.130000	2.427548	6.169762	0.007230
43	106.466000	269.664000	2.475953	6.271256	0.006964
44	108.049000	273.860000	2.455659	6.224091	0.007247
45	111.611000	282.668000	2.480244	6.281511	0.007717
46	115.056000	290.672000	2.501217	6.318957	0.007626
47	117.896000	297.592000	2.508426	6.331745	0.007313
48	121.174000	305.634000	2.524458	6.367375	0.007101
49	127.643000	319.978000	2.604959	6.530163	0.007371
50	129.513000	325.000000	2.590260	6.500000	0.006989
51	131.576000	330.490000	2.579922	6.480196	0.007168
52	136.132000	341.040000	2.617923	6.558462	0.008444
53	140.916000	351.640000	2.658792	6.634717	0.008311
54	142.621000	356.622000	2.641130	6.604111	0.007719
55	147.563000	367.782000	2.682964	6.686945	0.008342
56	151.522000	376.930000	2.705750	6.730893	0.008179
57	156.615000	388.524000	2.747632	6.816211	0.008759
58	159.644000	395.916000	2.752483	6.826138	0.009258
59	163.190000	404.324000	2.765932	6.852949	0.009016
60	168.032000	415.424000	2.800533	6.923733	0.009290
61	168.699000	418.064000	2.765557	6.853508	0.009781
62	173.105000	428.068000	2.792016	6.904323	0.008233
63	177.516000	438.572000	2.817714	6.961460	0.010080
64	179.496000	443.652000	2.804625	6.932063	0.010105
65	185.478000	457.068000	2.853508	7.031815	0.009347
66	188.656000	464.796000	2.858424	7.042364	0.009356
67	190.996000	470.820000	2.850687	7.027164	0.010813
68	195.302000	480.676000	2.872088	7.068765	0.009776
69	198.830000	489.026000	2.881594	7.087333	0.010901
70	206.132000	505.010000	2.944743	7.214429	0.010020
71	207.596000	509.128000	2.923887	7.170817	0.010512
72	208.568000	512.452000	2.896778	7.117389	0.010189
73	215.396000	527.578000	2.950630	7.227096	0.010440
74	220.146000	538.288000	2.974946	7.274162	0.010879
75	221.181000	541.600000	2.949080	7.221333	0.009782
76	225.437000	551.630000	2.966276	7.258289	0.009798
77	230.381000	562.638000	2.991961	7.306987	0.011033
78	235.777000	575.156000	3.022782	7.373795	0.010217
79	240.618000	586.042000	3.045797	7.418253	0.011093
80	241.467000	588.818000	3.018338	7.360225	0.009802
81	245.938000	599.434000	3.036272	7.400420	0.011039
82	251.567000	611.742000	3.067890	7.460268	0.011475
83	255.627000	621.320000	3.079843	7.485783	0.010317
84	258.914000	629.064000	3.082310	7.488857	0.009840
85	262.754000	638.152000	3.091224	7.507671	0.012563
86	265.111000	644.190000	3.082686	7.490581	0.012716
87	270.029000	655.234000	3.103782	7.531425	0.012810
88	275.380000	667.378000	3.129318	7.583841	0.012296
89	280.435000	678.882000	3.150955	7.627888	0.012556
90	282.142000	683.638000	3.134911	7.595978	0.012369
91	285.590000	691.918000	3.138352	7.603495	0.013367
92	290.305000	702.740000	3.155489	7.638478	0.013027
93	295.104000	713.486000	3.173161	7.671892	0.013118
94	302.103000	728.758000	3.213862	7.752745	0.012763
95	301.797000	729.850000	3.176811	7.682632	0.011844
96	308.561000	744.652000	3.214177	7.756792	0.012109
97	310.413000	749.522000	3.200134	7.727031	0.012139
98	316.758000	763.696000	3.232224	7.792816	0.014988
99	318.414000	768.054000	3.216303	7.758121	0.013671
100	324.411000	781.548000	3.244110	7.815480	0.012460
101	328.373000	790.730000	3.251218	7.829010	0.012617
102	332.036000	799.364000	3.255255	7.836902	0.012619
103	336.484000	809.846000	3.266835	7.862583	0.015063
104	341.326000	820.612000	3.281981	7.890500	0.014369
105	344.381000	827.966000	3.279819	7.885390	0.014454
106	351.012000	842.658000	3.311434	7.949604	0.014380
107	354.009000	850.256000	3.308495	7.946318	0.014507
108	357.637000	858.590000	3.311454	7.949907	0.014552
109	361.998000	868.440000	3.321083	7.967339	0.014167
110	365.862000	877.788000	3.326018	7.979891	0.012818
111	370.970000	889.426000	3.342072	8.012847	0.013311
112	373.327000	895.118000	3.333277	7.992125	0.013355
113	381.883000	913.720000	3.379496	8.086018	0.013503
114	386.558000	924.592000	3.390860	8.110456	0.013933
115	387.168000	927.124000	3.366678	8.061948	0.013685
116	390.973000	935.914000	3.370457	8.068224	0.013971
117	398.070000	951.350000	3.402308	8.131197	0.014174
118	402.406000	961.372000	3.410220	8.147220	0.015558
119	404.479000	966.894000	3.398983	8.125160	0.016025
120	411.106000	981.420000	3.425883	8.178500	0.015562
121	415.808000	992.526000	3.436430	8.202694	0.015336
122	417.684000	997.406000	3.423639	8.175459	0.013916
123	422.047000	1007.262000	3.431276	8.189122	0.014646
124	428.157000	1021.046000	3.452879	8.234242	0.014590
125	431.887000	1029.756000	3.455096	8.238048	0.014641
126	437.372000	1042.234000	3.471206	8.271698	0.014674
127	439.105000	1047.090000	3.457520	8.244803	0.015348
128	445.720000	1061.576000	3.482188	8.293562	0.016944
129	448.593000	1068.632000	3.477465	8.283969	0.014524
130	452.895000	1078.514000	3.483808	8.296262	0.015123
131	461.578000	1097.200000	3.523496	8.375573	0.015374
132	465.120000	1105.224000	3.523636	8.372909	0.015293
133	462.513000	1101.780000	3.477541	8.284060	0.015828
134	468.832000	1115.492000	3.498746	8.324567	0.017815
135	476.755000	1132.874000	3.531519	8.391659	0.018244
136	479.779000	1140.322000	3.527787	8.384721	0.018407
137	481.161000	1144.332000	3.512124	8.352788	0.018421
138	491.721000	1166.774000	3.563196	8.454884	0.016469
139	493.605000	1171.934000	3.551115	8.431180	0.016097
140	495.394000	1176.974000	3.538529	8.406957	0.016320
141	499.978000	1187.350000	3.545943	8.420922	0.016509
142	505.921000	1200.578000	3.562824	8.454775	0.016505
143	509.440000	1209.070000	3.562517	8.455035	0.016577
144	516.668000	1224.764000	3.587972	8.505306	0.016537
145	518.935000	1230.668000	3.578862	8.487366	0.016494
146	527.809000	1249.496000	3.615130	8.558192	0.017043
147	527.894000	1251.058000	3.591116	8.510599	0.017019
148	534.139000	1264.864000	3.609047	8.546378	0.017008
149	534.484000	1267.116000	3.587141	8.504134	0.017527
150	543.060000	1285.652000	3.620400	8.571013	0.018189
151	548.325000	1297.042000	3.631291	8.589682	0.017883
152	555.539000	1313.214000	3.654862	8.639566	0.017450
153	559.048000	1321.400000	3.653908	8.636601	0.017438
154	564.611000	1333.680000	3.666305	8.660260	0.017582
155	568.432000	1342.886000	3.667303	8.663781	0.017728
156	575.011000	1357.428000	3.685968	8.701462	0.018143
157	575.304000	1359.330000	3.664357	8.658153	0.018025
158	581.781000	1373.382000	3.682158	8.692291	0.018555
159	580.613000	1372.814000	3.651654	8.634050	0.019550
160	591.773000	1396.334000	3.698581	8.727087	0.018697
161	595.780000	1405.520000	3.700497	8.729938	0.018224
162	599.659000	1414.384000	3.701599	8.730765	0.018894
163	606.987000	1430.518000	3.723847	8.776184	0.018760
164	608.029000	1433.904000	3.707494	8.743317	0.018854
165	611.419000	1442.218000	3.705570	8.740715	0.018944
166	616.108000	1452.872000	3.711494	8.752241	0.018879
167	631.340000	1484.666000	3.780479	8.890216	0.019047
168	625.768000	1475.002000	3.724810	8.779774	0.018699
169	635.226000	1494.732000	3.758734	8.844568	0.019239
170	639.836000	1505.346000	3.763741	8.854976	0.018992
171	647.195000	1521.952000	3.784766	8.900304	0.019063
172	641.983000	1512.692000	3.732459	8.794721	0.019081
173	649.613000	1529.208000	3.754988	8.839353	0.019708
174	655.002000	1541.392000	3.764379	8.858575	0.019382
175	663.579000	1559.594000	3.791880	8.911966	0.019418
176	662.685000	1559.162000	3.765256	8.858875	0.020196
177	671.947000	1579.260000	3.796311	8.922373	0.019922
178	676.400000	1589.486000	3.800000	8.929697	0.020629
179	678.343000	1594.784000	3.789626	8.909408	0.020057
180	680.270000	1600.008000	3.779278	8.888933	0.020227
181	688.498000	1618.170000	3.803856	8.940166	0.020343
182	692.076000	1626.046000	3.802615	8.934319	0.020118
183	701.557000	1646.694000	3.833645	8.998328	0.020150
184	703.695000	1652.272000	3.824429	8.979739	0.020268
185	711.483000	1669.372000	3.845854	9.023632	0.020388
186	708.550000	1664.496000	3.809409	8.948903	0.020224
187	712.280000	1672.952000	3.808984	8.946267	0.020603
188	721.274000	1692.668000	3.836564	9.003553	0.020563
189	731.087000	1713.732000	3.868185	9.067365	0.020934
190	736.624000	1726.190000	3.876968	9.085211	0.021265
191	740.902000	1735.800000	3.879068	9.087958	0.021288
192	741.318000	1738.094000	3.861031	9.052573	0.020969
193	746.450000	1749.566000	3.867617	9.065109	0.021211
194	751.239000	1760.474000	3.872366	9.074608	0.021186
195	763.960000	1787.476000	3.917744	9.166544	0.021569
196	761.625000	1784.016000	3.885842	9.102122	0.021872
197	768.693000	1799.054000	3.901995	9.132254	0.022356
198	767.118000	1797.486000	3.874333	9.078212	0.021642
199	776.990000	1818.632000	3.904472	9.138854	0.021499
200	783.068000	1831.806000	3.915340	9.159030	0.021838
